# Constructed from biom file
# OTU ID	ERR1725960	taxonomy
85233	2.0	sk__Archaea;k__;p__Euryarchaeota;c__Methanobacteria;o__Methanobacteriales;f__Methanobacteriaceae
72966	3.0	sk__Archaea;k__;p__Euryarchaeota;c__Methanobacteria;o__Methanobacteriales;f__Methanobacteriaceae;g__Methanobrevibacter
40324	1.0	sk__Archaea;k__;p__Euryarchaeota;c__Methanomicrobia;o__Methanomicrobiales;f__Methanomicrobiaceae;g__Methanoculleus
171024	1.0	sk__Archaea;k__;p__Euryarchaeota;c__Methanomicrobia;o__Methanomicrobiales;f__Methanospirillaceae;g__Methanospirillum
111078	6.0	sk__Archaea;k__;p__Euryarchaeota;c__Methanomicrobia;o__Methanosarcinales;f__Methanosaetaceae
103181	2863.0	sk__Bacteria
153282	2.0	sk__Bacteria;k__;p__;c__;o__;f__;g__;s__bacterium_symbiont_of_Bactrocera_correcta
83222	1.0	sk__Bacteria;k__;p__Acidobacteria
120758	3.0	sk__Bacteria;k__;p__Acidobacteria;c__Holophagae
57104	7.0	sk__Bacteria;k__;p__Actinobacteria
219738	19.0	sk__Bacteria;k__;p__Actinobacteria;c__Actinobacteria
47921	4.0	sk__Bacteria;k__;p__Actinobacteria;c__Actinobacteria;o__Actinomycetales;f__Actinomycetaceae
5336	2.0	sk__Bacteria;k__;p__Actinobacteria;c__Actinobacteria;o__Actinomycetales;f__Actinomycetaceae;g__Actinomyces
140233	55.0	sk__Bacteria;k__;p__Actinobacteria;c__Actinobacteria;o__Bifidobacteriales;f__Bifidobacteriaceae;g__Bifidobacterium
228707	1.0	sk__Bacteria;k__;p__Actinobacteria;c__Actinobacteria;o__Bifidobacteriales;f__Bifidobacteriaceae;g__Gardnerella
24669	1.0	sk__Bacteria;k__;p__Actinobacteria;c__Actinobacteria;o__Corynebacteriales;f__Corynebacteriaceae
112003	3.0	sk__Bacteria;k__;p__Actinobacteria;c__Actinobacteria;o__Corynebacteriales;f__Mycobacteriaceae;g__Mycobacterium
259937	1.0	sk__Bacteria;k__;p__Actinobacteria;c__Actinobacteria;o__Corynebacteriales;f__Williamsiaceae
217471	9.0	sk__Bacteria;k__;p__Actinobacteria;c__Actinobacteria;o__Micrococcales
241754	3.0	sk__Bacteria;k__;p__Actinobacteria;c__Actinobacteria;o__Micrococcales;f__Microbacteriaceae
44683	2.0	sk__Bacteria;k__;p__Actinobacteria;c__Actinobacteria;o__Micrococcales;f__Microbacteriaceae;g__Leucobacter
178103	1.0	sk__Bacteria;k__;p__Actinobacteria;c__Actinobacteria;o__Micrococcales;f__Microbacteriaceae;g__Leucobacter;s__Leucobacter_sp._LB21
240009	5.0	sk__Bacteria;k__;p__Actinobacteria;c__Actinobacteria;o__Micrococcales;f__Microbacteriaceae;g__Microbacterium
13443	1.0	sk__Bacteria;k__;p__Actinobacteria;c__Actinobacteria;o__Micrococcales;f__Micrococcaceae
128986	7.0	sk__Bacteria;k__;p__Actinobacteria;c__Actinobacteria;o__Propionibacteriales
189729	1.0	sk__Bacteria;k__;p__Actinobacteria;c__Actinobacteria;o__Propionibacteriales;f__Nocardioidaceae;g__Micropruina
220566	1.0	sk__Bacteria;k__;p__Actinobacteria;c__Actinobacteria;o__Propionibacteriales;f__Nocardioidaceae;g__Nocardioides
149651	1.0	sk__Bacteria;k__;p__Actinobacteria;c__Actinobacteria;o__Propionibacteriales;f__Nocardioidaceae;g__Propionicimonas
204285	22.0	sk__Bacteria;k__;p__Actinobacteria;c__Actinobacteria;o__Propionibacteriales;f__Propionibacteriaceae
68647	14.0	sk__Bacteria;k__;p__Actinobacteria;c__Actinobacteria;o__Propionibacteriales;f__Propionibacteriaceae;g__Luteococcus
30702	2.0	sk__Bacteria;k__;p__Actinobacteria;c__Actinobacteria;o__Propionibacteriales;f__Propionibacteriaceae;g__Microlunatus
134673	2.0	sk__Bacteria;k__;p__Actinobacteria;c__Actinobacteria;o__Propionibacteriales;f__Propionibacteriaceae;g__Propioniciclava
31332	6.0	sk__Bacteria;k__;p__Actinobacteria;c__Actinobacteria;o__Propionibacteriales;f__Propionibacteriaceae;g__Tessaracoccus
79374	6.0	sk__Bacteria;k__;p__Actinobacteria;c__Coriobacteriia
100589	1.0	sk__Bacteria;k__;p__Actinobacteria;c__Coriobacteriia;o__Coriobacteriales
223257	1.0	sk__Bacteria;k__;p__Actinobacteria;c__Coriobacteriia;o__Coriobacteriales;f__Atopobiaceae;g__Atopobium
246418	1.0	sk__Bacteria;k__;p__Actinobacteria;c__Coriobacteriia;o__Coriobacteriales;f__Atopobiaceae;g__Libanicoccus
57172	1.0	sk__Bacteria;k__;p__Actinobacteria;c__Coriobacteriia;o__Coriobacteriales;f__Coriobacteriaceae
256813	31.0	sk__Bacteria;k__;p__Actinobacteria;c__Coriobacteriia;o__Coriobacteriales;f__Coriobacteriaceae;g__Collinsella
175786	2.0	sk__Bacteria;k__;p__Actinobacteria;c__Coriobacteriia;o__Coriobacteriales;f__Coriobacteriaceae;g__Collinsella;s__Collinsella_aerofaciens
169109	1.0	sk__Bacteria;k__;p__Actinobacteria;c__Coriobacteriia;o__Coriobacteriales;f__Coriobacteriaceae;g__Collinsella;s__Collinsella_sp._MS5
17271	1.0	sk__Bacteria;k__;p__Actinobacteria;c__Coriobacteriia;o__Eggerthellales
173950	5.0	sk__Bacteria;k__;p__Actinobacteria;c__Coriobacteriia;o__Eggerthellales;f__Eggerthellaceae
168750	20.0	sk__Bacteria;k__;p__Actinobacteria;c__Coriobacteriia;o__Eggerthellales;f__Eggerthellaceae;g__Eggerthella
117666	1.0	sk__Bacteria;k__;p__Actinobacteria;c__Coriobacteriia;o__Eggerthellales;f__Eggerthellaceae;g__Enterorhabdus
243595	6.0	sk__Bacteria;k__;p__Armatimonadetes
103906	65.0	sk__Bacteria;k__;p__Bacteroidetes
225733	6.0	sk__Bacteria;k__;p__Bacteroidetes;c__Bacteroidia
232486	46.0	sk__Bacteria;k__;p__Bacteroidetes;c__Bacteroidia;o__Bacteroidales
236663	1.0	sk__Bacteria;k__;p__Bacteroidetes;c__Bacteroidia;o__Bacteroidales;f__Bacteroidaceae
192138	68.0	sk__Bacteria;k__;p__Bacteroidetes;c__Bacteroidia;o__Bacteroidales;f__Bacteroidaceae;g__Bacteroides
181744	1.0	sk__Bacteria;k__;p__Bacteroidetes;c__Bacteroidia;o__Bacteroidales;f__Bacteroidaceae;g__Bacteroides;s__Bacteroides_plebeius
240960	1.0	sk__Bacteria;k__;p__Bacteroidetes;c__Bacteroidia;o__Bacteroidales;f__Barnesiellaceae;g__Barnesiella
15859	5.0	sk__Bacteria;k__;p__Bacteroidetes;c__Bacteroidia;o__Bacteroidales;f__Dysgonamonadaceae;g__Dysgonomonas
71449	5.0	sk__Bacteria;k__;p__Bacteroidetes;c__Bacteroidia;o__Bacteroidales;f__Dysgonamonadaceae;g__Proteiniphilum
190521	18.0	sk__Bacteria;k__;p__Bacteroidetes;c__Bacteroidia;o__Bacteroidales;f__Lentimicrobiaceae
175409	8.0	sk__Bacteria;k__;p__Bacteroidetes;c__Bacteroidia;o__Bacteroidales;f__Muribaculaceae
114812	1.0	sk__Bacteria;k__;p__Bacteroidetes;c__Bacteroidia;o__Bacteroidales;f__Odoribacteraceae;g__Butyricimonas
15523	1.0	sk__Bacteria;k__;p__Bacteroidetes;c__Bacteroidia;o__Bacteroidales;f__Odoribacteraceae;g__Odoribacter
175594	8.0	sk__Bacteria;k__;p__Bacteroidetes;c__Bacteroidia;o__Bacteroidales;f__Paludibacteraceae;g__Paludibacter
117121	4.0	sk__Bacteria;k__;p__Bacteroidetes;c__Bacteroidia;o__Bacteroidales;f__Porphyromonadaceae
196721	1.0	sk__Bacteria;k__;p__Bacteroidetes;c__Bacteroidia;o__Bacteroidales;f__Porphyromonadaceae;g__Macellibacteroides
156917	1.0	sk__Bacteria;k__;p__Bacteroidetes;c__Bacteroidia;o__Bacteroidales;f__Porphyromonadaceae;g__Petrimonas
257397	44.0	sk__Bacteria;k__;p__Bacteroidetes;c__Bacteroidia;o__Bacteroidales;f__Prevotellaceae
228896	1.0	sk__Bacteria;k__;p__Bacteroidetes;c__Bacteroidia;o__Bacteroidales;f__Prevotellaceae;g__Alloprevotella
119611	3.0	sk__Bacteria;k__;p__Bacteroidetes;c__Bacteroidia;o__Bacteroidales;f__Prevotellaceae;g__Prevotella
36836	12.0	sk__Bacteria;k__;p__Bacteroidetes;c__Bacteroidia;o__Bacteroidales;f__Rikenellaceae
34164	3.0	sk__Bacteria;k__;p__Bacteroidetes;c__Bacteroidia;o__Bacteroidales;f__Rikenellaceae;g__Alistipes
24814	2.0	sk__Bacteria;k__;p__Bacteroidetes;c__Bacteroidia;o__Bacteroidales;f__Tannerellaceae
152005	8.0	sk__Bacteria;k__;p__Bacteroidetes;c__Bacteroidia;o__Bacteroidales;f__Tannerellaceae;g__Parabacteroides
132537	1.0	sk__Bacteria;k__;p__Bacteroidetes;c__Bacteroidia;o__Marinilabiliales;f__Prolixibacteraceae
120905	2.0	sk__Bacteria;k__;p__Bacteroidetes;c__Chitinophagia
90282	5.0	sk__Bacteria;k__;p__Bacteroidetes;c__Chitinophagia;o__Chitinophagales;f__Chitinophagaceae
76418	2.0	sk__Bacteria;k__;p__Bacteroidetes;c__Cytophagia;o__Cytophagales;f__Cytophagaceae
125657	2.0	sk__Bacteria;k__;p__Bacteroidetes;c__Cytophagia;o__Cytophagales;f__Cytophagaceae;g__Leadbetterella
101910	4.0	sk__Bacteria;k__;p__Bacteroidetes;c__Flavobacteriia
64509	27.0	sk__Bacteria;k__;p__Bacteroidetes;c__Flavobacteriia;o__Flavobacteriales
88648	1.0	sk__Bacteria;k__;p__Bacteroidetes;c__Flavobacteriia;o__Flavobacteriales;f__Crocinitomicaceae
45447	1.0	sk__Bacteria;k__;p__Bacteroidetes;c__Flavobacteriia;o__Flavobacteriales;f__Crocinitomicaceae;g__Wandonia;s__Wandonia_haliotis
250156	215.0	sk__Bacteria;k__;p__Bacteroidetes;c__Flavobacteriia;o__Flavobacteriales;f__Flavobacteriaceae
216452	24.0	sk__Bacteria;k__;p__Bacteroidetes;c__Flavobacteriia;o__Flavobacteriales;f__Flavobacteriaceae;g__Chryseobacterium
69372	44.0	sk__Bacteria;k__;p__Bacteroidetes;c__Flavobacteriia;o__Flavobacteriales;f__Flavobacteriaceae;g__Cloacibacterium
178727	44.0	sk__Bacteria;k__;p__Bacteroidetes;c__Flavobacteriia;o__Flavobacteriales;f__Flavobacteriaceae;g__Flavobacterium
32066	2.0	sk__Bacteria;k__;p__Bacteroidetes;c__Flavobacteriia;o__Flavobacteriales;f__Flavobacteriaceae;g__Ornithobacterium
194724	1.0	sk__Bacteria;k__;p__Bacteroidetes;c__Flavobacteriia;o__Flavobacteriales;f__Flavobacteriaceae;g__Vaginella
131089	7.0	sk__Bacteria;k__;p__Bacteroidetes;c__Sphingobacteriia;o__Sphingobacteriales
29945	2.0	sk__Bacteria;k__;p__Candidatus_Falkowbacteria
26706	1.0	sk__Bacteria;k__;p__Candidatus_Nomurabacteria
179028	1.0	sk__Bacteria;k__;p__Candidatus_Saccharibacteria
215832	1.0	sk__Bacteria;k__;p__Candidatus_Saccharibacteria;c__;o__;f__;g__;s__TM7_phylum_sp._oral_clone_FR058
219206	2.0	sk__Bacteria;k__;p__Candidatus_Saccharibacteria;c__;o__;f__;g__Candidatus_Saccharimonas
25843	2.0	sk__Bacteria;k__;p__Chloroflexi;c__Anaerolineae
55552	2.0	sk__Bacteria;k__;p__Chloroflexi;c__Anaerolineae;o__Anaerolineales;f__Anaerolineaceae
56431	2.0	sk__Bacteria;k__;p__Chloroflexi;c__Anaerolineae;o__Anaerolineales;f__Anaerolineaceae;g__Leptolinea
41793	1.0	sk__Bacteria;k__;p__Chloroflexi;c__Anaerolineae;o__Anaerolineales;f__Anaerolineaceae;g__Longilinea
196437	2.0	sk__Bacteria;k__;p__Cyanobacteria;c__;o__Nostocales
213056	1.0	sk__Bacteria;k__;p__Fibrobacteres;c__Fibrobacteria;o__Fibrobacterales;f__Fibrobacteraceae;g__Fibrobacter
10473	421.0	sk__Bacteria;k__;p__Firmicutes
409	667.0	sk__Bacteria;k__;p__Firmicutes;c__Bacilli
157587	83.0	sk__Bacteria;k__;p__Firmicutes;c__Bacilli;o__Bacillales
174245	3.0	sk__Bacteria;k__;p__Firmicutes;c__Bacilli;o__Bacillales;f__Bacillaceae
124068	1.0	sk__Bacteria;k__;p__Firmicutes;c__Bacilli;o__Bacillales;f__Bacillaceae;g__Bacillus
30228	1.0	sk__Bacteria;k__;p__Firmicutes;c__Bacilli;o__Bacillales;f__Paenibacillaceae;g__Brevibacillus
146175	3.0	sk__Bacteria;k__;p__Firmicutes;c__Bacilli;o__Bacillales;f__Planococcaceae;g__Planomicrobium
261145	322.0	sk__Bacteria;k__;p__Firmicutes;c__Bacilli;o__Lactobacillales
53343	1.0	sk__Bacteria;k__;p__Firmicutes;c__Bacilli;o__Lactobacillales;f__Aerococcaceae
107926	58.0	sk__Bacteria;k__;p__Firmicutes;c__Bacilli;o__Lactobacillales;f__Carnobacteriaceae
252145	6.0	sk__Bacteria;k__;p__Firmicutes;c__Bacilli;o__Lactobacillales;f__Carnobacteriaceae;g__Granulicatella
47095	7.0	sk__Bacteria;k__;p__Firmicutes;c__Bacilli;o__Lactobacillales;f__Carnobacteriaceae;g__Jeotgalibaca
236364	48.0	sk__Bacteria;k__;p__Firmicutes;c__Bacilli;o__Lactobacillales;f__Carnobacteriaceae;g__Lacticigenium;s__Lacticigenium_naphtae
183573	8.0	sk__Bacteria;k__;p__Firmicutes;c__Bacilli;o__Lactobacillales;f__Carnobacteriaceae;g__Trichococcus
244436	2.0	sk__Bacteria;k__;p__Firmicutes;c__Bacilli;o__Lactobacillales;f__Enterococcaceae
71406	8.0	sk__Bacteria;k__;p__Firmicutes;c__Bacilli;o__Lactobacillales;f__Enterococcaceae;g__Enterococcus
72039	28.0	sk__Bacteria;k__;p__Firmicutes;c__Bacilli;o__Lactobacillales;f__Lactobacillaceae;g__Lactobacillus
140064	112.0	sk__Bacteria;k__;p__Firmicutes;c__Bacilli;o__Lactobacillales;f__Streptococcaceae
95651	237.0	sk__Bacteria;k__;p__Firmicutes;c__Bacilli;o__Lactobacillales;f__Streptococcaceae;g__Lactococcus
174859	6.0	sk__Bacteria;k__;p__Firmicutes;c__Bacilli;o__Lactobacillales;f__Streptococcaceae;g__Lactococcus;s__Lactococcus_plantarum
117829	484.0	sk__Bacteria;k__;p__Firmicutes;c__Bacilli;o__Lactobacillales;f__Streptococcaceae;g__Streptococcus
5509	5.0	sk__Bacteria;k__;p__Firmicutes;c__Bacilli;o__Lactobacillales;f__Streptococcaceae;g__Streptococcus;s__Streptococcus_ferus
131668	6.0	sk__Bacteria;k__;p__Firmicutes;c__Bacilli;o__Lactobacillales;f__Streptococcaceae;g__Streptococcus;s__Streptococcus_parasuis
219374	14.0	sk__Bacteria;k__;p__Firmicutes;c__Clostridia
254595	128.0	sk__Bacteria;k__;p__Firmicutes;c__Clostridia;o__Clostridiales
177477	1.0	sk__Bacteria;k__;p__Firmicutes;c__Clostridia;o__Clostridiales;f__;g__;s__Clostridiales_bacterium_CAT_12a
257771	1.0	sk__Bacteria;k__;p__Firmicutes;c__Clostridia;o__Clostridiales;f__;g__;s__[Bacteroides]_pectinophilus
251848	1.0	sk__Bacteria;k__;p__Firmicutes;c__Clostridia;o__Clostridiales;f__;g__Epulopiscium
85197	4.0	sk__Bacteria;k__;p__Firmicutes;c__Clostridia;o__Clostridiales;f__Caldicoprobacteraceae;g__Caldicoprobacter
244444	62.0	sk__Bacteria;k__;p__Firmicutes;c__Clostridia;o__Clostridiales;f__Christensenellaceae
248188	4.0	sk__Bacteria;k__;p__Firmicutes;c__Clostridia;o__Clostridiales;f__Clostridiaceae;g__Butyricicoccus
209736	1.0	sk__Bacteria;k__;p__Firmicutes;c__Clostridia;o__Clostridiales;f__Clostridiaceae;g__Proteiniclasticum
138336	1.0	sk__Bacteria;k__;p__Firmicutes;c__Clostridia;o__Clostridiales;f__Clostridiales_Family_XIII._Incertae_Sedis;g__Anaerovorax
153748	3.0	sk__Bacteria;k__;p__Firmicutes;c__Clostridia;o__Clostridiales;f__Defluviitaleaceae;g__Defluviitalea
108812	4.0	sk__Bacteria;k__;p__Firmicutes;c__Clostridia;o__Clostridiales;f__Eubacteriaceae
216629	6.0	sk__Bacteria;k__;p__Firmicutes;c__Clostridia;o__Clostridiales;f__Eubacteriaceae;g__Acetobacterium
112958	1.0	sk__Bacteria;k__;p__Firmicutes;c__Clostridia;o__Clostridiales;f__Eubacteriaceae;g__Acetobacterium;s__Acetobacterium_woodii
85094	1.0	sk__Bacteria;k__;p__Firmicutes;c__Clostridia;o__Clostridiales;f__Eubacteriaceae;g__Aminicella;s__Aminicella_lysinilytica
117044	1.0	sk__Bacteria;k__;p__Firmicutes;c__Clostridia;o__Clostridiales;f__Eubacteriaceae;g__Anaerofustis
5917	1.0	sk__Bacteria;k__;p__Firmicutes;c__Clostridia;o__Clostridiales;f__Eubacteriaceae;g__Anaerofustis;s__Anaerofustis_sp._Marseille-P2441
121654	2.0	sk__Bacteria;k__;p__Firmicutes;c__Clostridia;o__Clostridiales;f__Eubacteriaceae;g__Eubacterium;s__[Eubacterium]_eligens
53990	1.0	sk__Bacteria;k__;p__Firmicutes;c__Clostridia;o__Clostridiales;f__Gracilibacteraceae
71581	189.0	sk__Bacteria;k__;p__Firmicutes;c__Clostridia;o__Clostridiales;f__Lachnospiraceae
165727	8.0	sk__Bacteria;k__;p__Firmicutes;c__Clostridia;o__Clostridiales;f__Lachnospiraceae;g__;s__Lachnospiraceae_bacterium_NK3A20
81126	10.0	sk__Bacteria;k__;p__Firmicutes;c__Clostridia;o__Clostridiales;f__Lachnospiraceae;g__Agathobacter
30468	4.0	sk__Bacteria;k__;p__Firmicutes;c__Clostridia;o__Clostridiales;f__Lachnospiraceae;g__Anaerostipes
43467	39.0	sk__Bacteria;k__;p__Firmicutes;c__Clostridia;o__Clostridiales;f__Lachnospiraceae;g__Blautia
10764	1.0	sk__Bacteria;k__;p__Firmicutes;c__Clostridia;o__Clostridiales;f__Lachnospiraceae;g__Catonella
20281	24.0	sk__Bacteria;k__;p__Firmicutes;c__Clostridia;o__Clostridiales;f__Lachnospiraceae;g__Dorea
65791	10.0	sk__Bacteria;k__;p__Firmicutes;c__Clostridia;o__Clostridiales;f__Lachnospiraceae;g__Fusicatenibacter
43136	2.0	sk__Bacteria;k__;p__Firmicutes;c__Clostridia;o__Clostridiales;f__Lachnospiraceae;g__Herbinix
42037	16.0	sk__Bacteria;k__;p__Firmicutes;c__Clostridia;o__Clostridiales;f__Lachnospiraceae;g__Lachnoclostridium
43214	1.0	sk__Bacteria;k__;p__Firmicutes;c__Clostridia;o__Clostridiales;f__Lachnospiraceae;g__Lachnospira
235820	6.0	sk__Bacteria;k__;p__Firmicutes;c__Clostridia;o__Clostridiales;f__Lachnospiraceae;g__Marvinbryantia
179079	13.0	sk__Bacteria;k__;p__Firmicutes;c__Clostridia;o__Clostridiales;f__Lachnospiraceae;g__Roseburia
138310	1.0	sk__Bacteria;k__;p__Firmicutes;c__Clostridia;o__Clostridiales;f__Lachnospiraceae;g__Shuttleworthia
140212	5.0	sk__Bacteria;k__;p__Firmicutes;c__Clostridia;o__Clostridiales;f__Oscillospiraceae;g__Oscillibacter
11568	1.0	sk__Bacteria;k__;p__Firmicutes;c__Clostridia;o__Clostridiales;f__Peptococcaceae
170374	1.0	sk__Bacteria;k__;p__Firmicutes;c__Clostridia;o__Clostridiales;f__Peptococcaceae;g__Desulfosporosinus
44913	6.0	sk__Bacteria;k__;p__Firmicutes;c__Clostridia;o__Clostridiales;f__Peptostreptococcaceae
127137	1.0	sk__Bacteria;k__;p__Firmicutes;c__Clostridia;o__Clostridiales;f__Peptostreptococcaceae;g__;s__Peptostreptococcaceae_bacterium_VA2
93365	6.0	sk__Bacteria;k__;p__Firmicutes;c__Clostridia;o__Clostridiales;f__Peptostreptococcaceae;g__Acetoanaerobium
140306	2.0	sk__Bacteria;k__;p__Firmicutes;c__Clostridia;o__Clostridiales;f__Peptostreptococcaceae;g__Intestinibacter
2421	14.0	sk__Bacteria;k__;p__Firmicutes;c__Clostridia;o__Clostridiales;f__Peptostreptococcaceae;g__Proteocatella
167925	6.0	sk__Bacteria;k__;p__Firmicutes;c__Clostridia;o__Clostridiales;f__Peptostreptococcaceae;g__Romboutsia
190529	2.0	sk__Bacteria;k__;p__Firmicutes;c__Clostridia;o__Clostridiales;f__Peptostreptococcaceae;g__Terrisporobacter
21407	231.0	sk__Bacteria;k__;p__Firmicutes;c__Clostridia;o__Clostridiales;f__Ruminococcaceae
57078	316.0	sk__Bacteria;k__;p__Firmicutes;c__Clostridia;o__Clostridiales;f__Ruminococcaceae;g__Faecalibacterium
146247	7.0	sk__Bacteria;k__;p__Firmicutes;c__Clostridia;o__Clostridiales;f__Ruminococcaceae;g__Fastidiosipila
123617	1.0	sk__Bacteria;k__;p__Firmicutes;c__Clostridia;o__Clostridiales;f__Ruminococcaceae;g__Phocea
16349	1.0	sk__Bacteria;k__;p__Firmicutes;c__Clostridia;o__Clostridiales;f__Ruminococcaceae;g__Ruminococcus
43602	1.0	sk__Bacteria;k__;p__Firmicutes;c__Clostridia;o__Clostridiales;f__Ruminococcaceae;g__Ruminococcus;s__Ruminococcus_sp._Marseille-P328
5729	2.0	sk__Bacteria;k__;p__Firmicutes;c__Clostridia;o__Clostridiales;f__Ruminococcaceae;g__Saccharofermentans
102515	32.0	sk__Bacteria;k__;p__Firmicutes;c__Clostridia;o__Clostridiales;f__Ruminococcaceae;g__Subdoligranulum
216521	3.0	sk__Bacteria;k__;p__Firmicutes;c__Clostridia;o__Clostridiales;f__Syntrophomonadaceae
152932	1.0	sk__Bacteria;k__;p__Firmicutes;c__Clostridia;o__Clostridiales;f__Syntrophomonadaceae;g__Syntrophomonas
176057	3.0	sk__Bacteria;k__;p__Firmicutes;c__Clostridia;o__Thermoanaerobacterales;f__Thermoanaerobacterales_Family_III._Incertae_Sedis;g__Syntrophaceticus;s__Syntrophaceticus_schinkii
233382	2.0	sk__Bacteria;k__;p__Firmicutes;c__Erysipelotrichia;o__Erysipelotrichales
77393	25.0	sk__Bacteria;k__;p__Firmicutes;c__Erysipelotrichia;o__Erysipelotrichales;f__Erysipelotrichaceae
165990	1.0	sk__Bacteria;k__;p__Firmicutes;c__Erysipelotrichia;o__Erysipelotrichales;f__Erysipelotrichaceae;g__Candidatus_Stoquefichus
184279	13.0	sk__Bacteria;k__;p__Firmicutes;c__Erysipelotrichia;o__Erysipelotrichales;f__Erysipelotrichaceae;g__Catenibacterium
215273	3.0	sk__Bacteria;k__;p__Firmicutes;c__Erysipelotrichia;o__Erysipelotrichales;f__Erysipelotrichaceae;g__Catenibacterium;s__Catenibacterium_mitsuokai
131255	4.0	sk__Bacteria;k__;p__Firmicutes;c__Erysipelotrichia;o__Erysipelotrichales;f__Erysipelotrichaceae;g__Erysipelatoclostridium
142871	3.0	sk__Bacteria;k__;p__Firmicutes;c__Erysipelotrichia;o__Erysipelotrichales;f__Erysipelotrichaceae;g__Erysipelothrix
44566	7.0	sk__Bacteria;k__;p__Firmicutes;c__Erysipelotrichia;o__Erysipelotrichales;f__Erysipelotrichaceae;g__Holdemanella
228611	3.0	sk__Bacteria;k__;p__Firmicutes;c__Erysipelotrichia;o__Erysipelotrichales;f__Erysipelotrichaceae;g__Holdemania
259101	5.0	sk__Bacteria;k__;p__Firmicutes;c__Erysipelotrichia;o__Erysipelotrichales;f__Erysipelotrichaceae;g__Solobacterium
187006	3.0	sk__Bacteria;k__;p__Firmicutes;c__Erysipelotrichia;o__Erysipelotrichales;f__Erysipelotrichaceae;g__Turicibacter
127256	52.0	sk__Bacteria;k__;p__Firmicutes;c__Negativicutes
98668	9.0	sk__Bacteria;k__;p__Firmicutes;c__Negativicutes;o__Acidaminococcales
210390	33.0	sk__Bacteria;k__;p__Firmicutes;c__Negativicutes;o__Acidaminococcales;f__Acidaminococcaceae
60695	6.0	sk__Bacteria;k__;p__Firmicutes;c__Negativicutes;o__Acidaminococcales;f__Acidaminococcaceae;g__Acidaminococcus
242610	25.0	sk__Bacteria;k__;p__Firmicutes;c__Negativicutes;o__Acidaminococcales;f__Acidaminococcaceae;g__Phascolarctobacterium
21488	47.0	sk__Bacteria;k__;p__Firmicutes;c__Negativicutes;o__Acidaminococcales;f__Acidaminococcaceae;g__Succiniclasticum
246339	1.0	sk__Bacteria;k__;p__Firmicutes;c__Negativicutes;o__Acidaminococcales;f__Acidaminococcaceae;g__Succinispira;s__Succinispira_mobilis
140705	4.0	sk__Bacteria;k__;p__Firmicutes;c__Negativicutes;o__Selenomonadales
35971	3.0	sk__Bacteria;k__;p__Firmicutes;c__Negativicutes;o__Selenomonadales;f__Selenomonadaceae
95299	3.0	sk__Bacteria;k__;p__Firmicutes;c__Negativicutes;o__Selenomonadales;f__Selenomonadaceae;g__Anaerovibrio
193861	1.0	sk__Bacteria;k__;p__Firmicutes;c__Negativicutes;o__Selenomonadales;f__Selenomonadaceae;g__Megamonas
203637	3.0	sk__Bacteria;k__;p__Firmicutes;c__Negativicutes;o__Selenomonadales;f__Selenomonadaceae;g__Propionispira
210546	6.0	sk__Bacteria;k__;p__Firmicutes;c__Negativicutes;o__Selenomonadales;f__Selenomonadaceae;g__Schwartzia
21026	1.0	sk__Bacteria;k__;p__Firmicutes;c__Negativicutes;o__Selenomonadales;f__Selenomonadaceae;g__Selenomonas
238550	10.0	sk__Bacteria;k__;p__Firmicutes;c__Negativicutes;o__Selenomonadales;f__Sporomusaceae
167887	19.0	sk__Bacteria;k__;p__Firmicutes;c__Negativicutes;o__Selenomonadales;f__Sporomusaceae;g__Anaerosinus
161085	1.0	sk__Bacteria;k__;p__Firmicutes;c__Negativicutes;o__Selenomonadales;f__Sporomusaceae;g__Anaerosinus;s__Anaerosinus_glycerini
41739	1.0	sk__Bacteria;k__;p__Firmicutes;c__Negativicutes;o__Selenomonadales;f__Sporomusaceae;g__Anaerospora
208700	4.0	sk__Bacteria;k__;p__Firmicutes;c__Negativicutes;o__Selenomonadales;f__Sporomusaceae;g__Pelosinus
211881	15.0	sk__Bacteria;k__;p__Firmicutes;c__Negativicutes;o__Veillonellales
184191	59.0	sk__Bacteria;k__;p__Firmicutes;c__Negativicutes;o__Veillonellales;f__Veillonellaceae
208117	195.0	sk__Bacteria;k__;p__Firmicutes;c__Negativicutes;o__Veillonellales;f__Veillonellaceae;g__Dialister
225355	2.0	sk__Bacteria;k__;p__Firmicutes;c__Negativicutes;o__Veillonellales;f__Veillonellaceae;g__Megasphaera
113569	46.0	sk__Bacteria;k__;p__Firmicutes;c__Negativicutes;o__Veillonellales;f__Veillonellaceae;g__Veillonella
108784	2.0	sk__Bacteria;k__;p__Firmicutes;c__Negativicutes;o__Veillonellales;f__Veillonellaceae;g__Veillonella;s__Veillonella_rogosae
156497	12.0	sk__Bacteria;k__;p__Firmicutes;c__Tissierellia;o__;f__;g__Sedimentibacter
208343	1.0	sk__Bacteria;k__;p__Firmicutes;c__Tissierellia;o__Tissierellales;f__Peptoniphilaceae
85004	1.0	sk__Bacteria;k__;p__Firmicutes;c__Tissierellia;o__Tissierellales;f__Peptoniphilaceae;g__Anaerococcus
141045	1.0	sk__Bacteria;k__;p__Firmicutes;c__Tissierellia;o__Tissierellales;f__Peptoniphilaceae;g__Peptoniphilus
132301	1.0	sk__Bacteria;k__;p__Firmicutes;c__Tissierellia;o__Tissierellales;f__Tissierellaceae;g__Tissierella
74978	1.0	sk__Bacteria;k__;p__Fusobacteria;c__Fusobacteriia
219840	6.0	sk__Bacteria;k__;p__Fusobacteria;c__Fusobacteriia;o__Fusobacteriales;f__Fusobacteriaceae
91820	5.0	sk__Bacteria;k__;p__Fusobacteria;c__Fusobacteriia;o__Fusobacteriales;f__Fusobacteriaceae;g__Fusobacterium
4999	9.0	sk__Bacteria;k__;p__Fusobacteria;c__Fusobacteriia;o__Fusobacteriales;f__Fusobacteriaceae;g__Hypnocyclicus
225929	43.0	sk__Bacteria;k__;p__Fusobacteria;c__Fusobacteriia;o__Fusobacteriales;f__Leptotrichiaceae
141795	1822.0	sk__Bacteria;k__;p__Fusobacteria;c__Fusobacteriia;o__Fusobacteriales;f__Leptotrichiaceae;g__Leptotrichia
148593	37.0	sk__Bacteria;k__;p__Fusobacteria;c__Fusobacteriia;o__Fusobacteriales;f__Leptotrichiaceae;g__Sebaldella
156376	9.0	sk__Bacteria;k__;p__Fusobacteria;c__Fusobacteriia;o__Fusobacteriales;f__Leptotrichiaceae;g__Sebaldella;s__Sebaldella_termitidis
30260	10.0	sk__Bacteria;k__;p__Gemmatimonadetes;c__Gemmatimonadetes;o__Gemmatimonadales;f__Gemmatimonadaceae;g__Gemmatirosa
167065	46.0	sk__Bacteria;k__;p__Kiritimatiellaeota;c__Kiritimatiellae
232457	2.0	sk__Bacteria;k__;p__Lentisphaerae;c__Lentisphaeria;o__Victivallales
171731	4.0	sk__Bacteria;k__;p__Lentisphaerae;c__Oligosphaeria;o__Oligosphaerales;f__Oligosphaeraceae
69673	1.0	sk__Bacteria;k__;p__Nitrospirae;c__Nitrospira
194712	1.0	sk__Bacteria;k__;p__Planctomycetes;c__Planctomycetia;o__Planctomycetales;f__Planctomycetaceae;g__Rhodopirellula
21282	632.0	sk__Bacteria;k__;p__Proteobacteria
171064	46.0	sk__Bacteria;k__;p__Proteobacteria;c__Alphaproteobacteria
139866	4.0	sk__Bacteria;k__;p__Proteobacteria;c__Alphaproteobacteria;o__Caulobacterales
70724	10.0	sk__Bacteria;k__;p__Proteobacteria;c__Alphaproteobacteria;o__Caulobacterales;f__Caulobacteraceae
238195	2.0	sk__Bacteria;k__;p__Proteobacteria;c__Alphaproteobacteria;o__Caulobacterales;f__Caulobacteraceae;g__Brevundimonas
69021	2.0	sk__Bacteria;k__;p__Proteobacteria;c__Alphaproteobacteria;o__Caulobacterales;f__Caulobacteraceae;g__Caulobacter
124097	1.0	sk__Bacteria;k__;p__Proteobacteria;c__Alphaproteobacteria;o__Caulobacterales;f__Caulobacteraceae;g__Phenylobacterium
238885	3.0	sk__Bacteria;k__;p__Proteobacteria;c__Alphaproteobacteria;o__Holosporales;f__Candidatus_Paracaedibacteraceae
133415	3.0	sk__Bacteria;k__;p__Proteobacteria;c__Alphaproteobacteria;o__Holosporales;f__Candidatus_Paracaedibacteraceae;g__Candidatus_Paracaedibacter
263117	1.0	sk__Bacteria;k__;p__Proteobacteria;c__Alphaproteobacteria;o__Micropepsales;f__Micropepsaceae
260397	1.0	sk__Bacteria;k__;p__Proteobacteria;c__Alphaproteobacteria;o__Micropepsales;f__Micropepsaceae;g__Micropepsis
57440	16.0	sk__Bacteria;k__;p__Proteobacteria;c__Alphaproteobacteria;o__Rhizobiales
264947	1.0	sk__Bacteria;k__;p__Proteobacteria;c__Alphaproteobacteria;o__Rhizobiales;f__Hyphomicrobiaceae
66728	3.0	sk__Bacteria;k__;p__Proteobacteria;c__Alphaproteobacteria;o__Rhizobiales;f__Phyllobacteriaceae
115945	5.0	sk__Bacteria;k__;p__Proteobacteria;c__Alphaproteobacteria;o__Rhizobiales;f__Rhizobiaceae
96219	1.0	sk__Bacteria;k__;p__Proteobacteria;c__Alphaproteobacteria;o__Rhizobiales;f__Rhizobiaceae;g__Shinella
206672	25.0	sk__Bacteria;k__;p__Proteobacteria;c__Alphaproteobacteria;o__Rhodobacterales;f__Rhodobacteraceae
115580	1.0	sk__Bacteria;k__;p__Proteobacteria;c__Alphaproteobacteria;o__Rhodobacterales;f__Rhodobacteraceae;g__Amaricoccus
26971	2.0	sk__Bacteria;k__;p__Proteobacteria;c__Alphaproteobacteria;o__Rhodobacterales;f__Rhodobacteraceae;g__Paracoccus
216179	1.0	sk__Bacteria;k__;p__Proteobacteria;c__Alphaproteobacteria;o__Rhodobacterales;f__Rhodobacteraceae;g__Rhodobacter
58120	24.0	sk__Bacteria;k__;p__Proteobacteria;c__Alphaproteobacteria;o__Rhodospirillales
108539	8.0	sk__Bacteria;k__;p__Proteobacteria;c__Alphaproteobacteria;o__Rhodospirillales;f__;g__Enhydrobacter
27086	1.0	sk__Bacteria;k__;p__Proteobacteria;c__Alphaproteobacteria;o__Rhodospirillales;f__Acetobacteraceae
190981	3.0	sk__Bacteria;k__;p__Proteobacteria;c__Alphaproteobacteria;o__Rhodospirillales;f__Acetobacteraceae;g__Roseomonas
60778	11.0	sk__Bacteria;k__;p__Proteobacteria;c__Alphaproteobacteria;o__Sphingomonadales
118126	1.0	sk__Bacteria;k__;p__Proteobacteria;c__Alphaproteobacteria;o__Sphingomonadales;f__Erythrobacteraceae;g__Altererythrobacter
95824	1.0	sk__Bacteria;k__;p__Proteobacteria;c__Alphaproteobacteria;o__Sphingomonadales;f__Erythrobacteraceae;g__Qipengyuania
92333	15.0	sk__Bacteria;k__;p__Proteobacteria;c__Alphaproteobacteria;o__Sphingomonadales;f__Sphingomonadaceae
195764	2.0	sk__Bacteria;k__;p__Proteobacteria;c__Alphaproteobacteria;o__Sphingomonadales;f__Sphingomonadaceae;g__Sphingomonas
86908	159.0	sk__Bacteria;k__;p__Proteobacteria;c__Betaproteobacteria
12984	1.0	sk__Bacteria;k__;p__Proteobacteria;c__Betaproteobacteria;o__;f__;g__;s__beta_proteobacterium_pACH94
205344	1.0	sk__Bacteria;k__;p__Proteobacteria;c__Betaproteobacteria;o__;f__;g__Candidatus_Accumulibacter
110339	512.0	sk__Bacteria;k__;p__Proteobacteria;c__Betaproteobacteria;o__Burkholderiales
70369	2.0	sk__Bacteria;k__;p__Proteobacteria;c__Betaproteobacteria;o__Burkholderiales;f__;g__Aquabacterium
64590	1.0	sk__Bacteria;k__;p__Proteobacteria;c__Betaproteobacteria;o__Burkholderiales;f__;g__Sphaerotilus
140739	1.0	sk__Bacteria;k__;p__Proteobacteria;c__Betaproteobacteria;o__Burkholderiales;f__;g__Tepidimonas
82855	6.0	sk__Bacteria;k__;p__Proteobacteria;c__Betaproteobacteria;o__Burkholderiales;f__Alcaligenaceae
127344	13.0	sk__Bacteria;k__;p__Proteobacteria;c__Betaproteobacteria;o__Burkholderiales;f__Burkholderiaceae
216778	1.0	sk__Bacteria;k__;p__Proteobacteria;c__Betaproteobacteria;o__Burkholderiales;f__Burkholderiaceae;g__Ralstonia
105254	348.0	sk__Bacteria;k__;p__Proteobacteria;c__Betaproteobacteria;o__Burkholderiales;f__Comamonadaceae
203179	34.0	sk__Bacteria;k__;p__Proteobacteria;c__Betaproteobacteria;o__Burkholderiales;f__Comamonadaceae;g__Acidovorax
242011	1.0	sk__Bacteria;k__;p__Proteobacteria;c__Betaproteobacteria;o__Burkholderiales;f__Comamonadaceae;g__Alicycliphilus
78107	16.0	sk__Bacteria;k__;p__Proteobacteria;c__Betaproteobacteria;o__Burkholderiales;f__Comamonadaceae;g__Brachymonas
43604	1.0	sk__Bacteria;k__;p__Proteobacteria;c__Betaproteobacteria;o__Burkholderiales;f__Comamonadaceae;g__Caldimonas
232970	18.0	sk__Bacteria;k__;p__Proteobacteria;c__Betaproteobacteria;o__Burkholderiales;f__Comamonadaceae;g__Comamonas
202173	4.0	sk__Bacteria;k__;p__Proteobacteria;c__Betaproteobacteria;o__Burkholderiales;f__Comamonadaceae;g__Diaphorobacter
77801	1.0	sk__Bacteria;k__;p__Proteobacteria;c__Betaproteobacteria;o__Burkholderiales;f__Comamonadaceae;g__Giesbergeria
193717	1.0	sk__Bacteria;k__;p__Proteobacteria;c__Betaproteobacteria;o__Burkholderiales;f__Comamonadaceae;g__Hylemonella
180404	6.0	sk__Bacteria;k__;p__Proteobacteria;c__Betaproteobacteria;o__Burkholderiales;f__Comamonadaceae;g__Ottowia
73952	2.0	sk__Bacteria;k__;p__Proteobacteria;c__Betaproteobacteria;o__Burkholderiales;f__Comamonadaceae;g__Pseudorhodoferax
244906	2.0	sk__Bacteria;k__;p__Proteobacteria;c__Betaproteobacteria;o__Burkholderiales;f__Comamonadaceae;g__Ramlibacter
223197	1.0	sk__Bacteria;k__;p__Proteobacteria;c__Betaproteobacteria;o__Burkholderiales;f__Comamonadaceae;g__Simplicispira
190762	19.0	sk__Bacteria;k__;p__Proteobacteria;c__Betaproteobacteria;o__Burkholderiales;f__Oxalobacteraceae
140152	1.0	sk__Bacteria;k__;p__Proteobacteria;c__Betaproteobacteria;o__Burkholderiales;f__Sutterellaceae
149708	1.0	sk__Bacteria;k__;p__Proteobacteria;c__Betaproteobacteria;o__Burkholderiales;f__Sutterellaceae;g__Parasutterella
170114	8.0	sk__Bacteria;k__;p__Proteobacteria;c__Betaproteobacteria;o__Burkholderiales;f__Sutterellaceae;g__Sutterella
128844	20.0	sk__Bacteria;k__;p__Proteobacteria;c__Betaproteobacteria;o__Neisseriales
190957	1.0	sk__Bacteria;k__;p__Proteobacteria;c__Betaproteobacteria;o__Neisseriales;f__Chromobacteriaceae;g__Formivibrio
144455	259.0	sk__Bacteria;k__;p__Proteobacteria;c__Betaproteobacteria;o__Neisseriales;f__Neisseriaceae
136837	2.0	sk__Bacteria;k__;p__Proteobacteria;c__Betaproteobacteria;o__Neisseriales;f__Neisseriaceae;g__;s__Neisseriaceae_bacterium_NB-13
197590	1.0	sk__Bacteria;k__;p__Proteobacteria;c__Betaproteobacteria;o__Neisseriales;f__Neisseriaceae;g__Alysiella
65926	3.0	sk__Bacteria;k__;p__Proteobacteria;c__Betaproteobacteria;o__Neisseriales;f__Neisseriaceae;g__Conchiformibius
177808	1.0	sk__Bacteria;k__;p__Proteobacteria;c__Betaproteobacteria;o__Neisseriales;f__Neisseriaceae;g__Conchiformibius;s__Conchiformibius_kuhniae
53368	1.0	sk__Bacteria;k__;p__Proteobacteria;c__Betaproteobacteria;o__Neisseriales;f__Neisseriaceae;g__Kingella
196174	45.0	sk__Bacteria;k__;p__Proteobacteria;c__Betaproteobacteria;o__Neisseriales;f__Neisseriaceae;g__Neisseria
163421	3.0	sk__Bacteria;k__;p__Proteobacteria;c__Betaproteobacteria;o__Neisseriales;f__Neisseriaceae;g__Neisseria;s__Neisseria_arctica
96395	1.0	sk__Bacteria;k__;p__Proteobacteria;c__Betaproteobacteria;o__Neisseriales;f__Neisseriaceae;g__Neisseria;s__Neisseria_sp._NW106
218381	128.0	sk__Bacteria;k__;p__Proteobacteria;c__Betaproteobacteria;o__Neisseriales;f__Neisseriaceae;g__Vitreoscilla
187492	3.0	sk__Bacteria;k__;p__Proteobacteria;c__Betaproteobacteria;o__Nitrosomonadales
233038	1.0	sk__Bacteria;k__;p__Proteobacteria;c__Betaproteobacteria;o__Nitrosomonadales;f__Gallionellaceae;g__Sideroxydans
76486	1.0	sk__Bacteria;k__;p__Proteobacteria;c__Betaproteobacteria;o__Nitrosomonadales;f__Methylophilaceae
205282	1.0	sk__Bacteria;k__;p__Proteobacteria;c__Betaproteobacteria;o__Nitrosomonadales;f__Nitrosomonadaceae
199	1.0	sk__Bacteria;k__;p__Proteobacteria;c__Betaproteobacteria;o__Nitrosomonadales;f__Nitrosomonadaceae;g__Nitrosomonas
150693	1.0	sk__Bacteria;k__;p__Proteobacteria;c__Betaproteobacteria;o__Nitrosomonadales;f__Sterolibacteriaceae;g__Denitratisoma
232020	2.0	sk__Bacteria;k__;p__Proteobacteria;c__Betaproteobacteria;o__Rhodocyclales
134382	1.0	sk__Bacteria;k__;p__Proteobacteria;c__Betaproteobacteria;o__Rhodocyclales;f__Azonexaceae;g__Dechloromonas
73698	2.0	sk__Bacteria;k__;p__Proteobacteria;c__Betaproteobacteria;o__Rhodocyclales;f__Rhodocyclaceae
98940	2.0	sk__Bacteria;k__;p__Proteobacteria;c__Betaproteobacteria;o__Rhodocyclales;f__Rhodocyclaceae;g__Dechlorobacter
136992	5.0	sk__Bacteria;k__;p__Proteobacteria;c__Betaproteobacteria;o__Rhodocyclales;f__Rhodocyclaceae;g__Propionivibrio
85563	2.0	sk__Bacteria;k__;p__Proteobacteria;c__Betaproteobacteria;o__Rhodocyclales;f__Zoogloeaceae;g__Thauera
24154	14.0	sk__Bacteria;k__;p__Proteobacteria;c__Betaproteobacteria;o__Rhodocyclales;f__Zoogloeaceae;g__Zoogloea
142355	6.0	sk__Bacteria;k__;p__Proteobacteria;c__Deltaproteobacteria
132485	2.0	sk__Bacteria;k__;p__Proteobacteria;c__Deltaproteobacteria;o__Desulfobacterales;f__Desulfobacteraceae
93005	8.0	sk__Bacteria;k__;p__Proteobacteria;c__Deltaproteobacteria;o__Desulfobacterales;f__Desulfobulbaceae
39801	13.0	sk__Bacteria;k__;p__Proteobacteria;c__Deltaproteobacteria;o__Desulfobacterales;f__Desulfobulbaceae;g__Desulfobulbus
157142	2.0	sk__Bacteria;k__;p__Proteobacteria;c__Deltaproteobacteria;o__Desulfobacterales;f__Desulfobulbaceae;g__Desulforhopalus
85618	2.0	sk__Bacteria;k__;p__Proteobacteria;c__Deltaproteobacteria;o__Desulfovibrionales
79081	7.0	sk__Bacteria;k__;p__Proteobacteria;c__Deltaproteobacteria;o__Desulfovibrionales;f__Desulfovibrionaceae
252422	5.0	sk__Bacteria;k__;p__Proteobacteria;c__Deltaproteobacteria;o__Desulfovibrionales;f__Desulfovibrionaceae;g__Bilophila
7451	36.0	sk__Bacteria;k__;p__Proteobacteria;c__Deltaproteobacteria;o__Desulfovibrionales;f__Desulfovibrionaceae;g__Desulfovibrio
196486	1.0	sk__Bacteria;k__;p__Proteobacteria;c__Deltaproteobacteria;o__Desulfuromonadales;f__Geobacteraceae;g__Geobacter
40719	1.0	sk__Bacteria;k__;p__Proteobacteria;c__Deltaproteobacteria;o__Syntrophobacterales;f__Syntrophaceae;g__Smithella
159770	4.0	sk__Bacteria;k__;p__Proteobacteria;c__Deltaproteobacteria;o__Syntrophobacterales;f__Syntrophobacteraceae
68460	3.0	sk__Bacteria;k__;p__Proteobacteria;c__Epsilonproteobacteria
263494	4.0	sk__Bacteria;k__;p__Proteobacteria;c__Epsilonproteobacteria;o__;f__;g__Sulfurovum
39155	2.0	sk__Bacteria;k__;p__Proteobacteria;c__Epsilonproteobacteria;o__Campylobacterales
237422	14.0	sk__Bacteria;k__;p__Proteobacteria;c__Epsilonproteobacteria;o__Campylobacterales;f__Campylobacteraceae
17010	37.0	sk__Bacteria;k__;p__Proteobacteria;c__Epsilonproteobacteria;o__Campylobacterales;f__Campylobacteraceae;g__Arcobacter
113823	1.0	sk__Bacteria;k__;p__Proteobacteria;c__Epsilonproteobacteria;o__Campylobacterales;f__Campylobacteraceae;g__Arcobacter;s__Arcobacter_butzleri
215092	6.0	sk__Bacteria;k__;p__Proteobacteria;c__Epsilonproteobacteria;o__Campylobacterales;f__Campylobacteraceae;g__Sulfurospirillum
61324	341.0	sk__Bacteria;k__;p__Proteobacteria;c__Gammaproteobacteria
103368	1.0	sk__Bacteria;k__;p__Proteobacteria;c__Gammaproteobacteria;o__;f__Competibacteraceae
34564	8.0	sk__Bacteria;k__;p__Proteobacteria;c__Gammaproteobacteria;o__;f__Competibacteraceae;g__Candidatus_Competibacter
202320	1.0	sk__Bacteria;k__;p__Proteobacteria;c__Gammaproteobacteria;o__Aeromonadales;f__Aeromonadaceae;g__Aeromonas
214500	17.0	sk__Bacteria;k__;p__Proteobacteria;c__Gammaproteobacteria;o__Aeromonadales;f__Succinivibrionaceae;g__Succinivibrio
230845	1.0	sk__Bacteria;k__;p__Proteobacteria;c__Gammaproteobacteria;o__Cellvibrionales;f__Spongiibacteraceae
16188	107.0	sk__Bacteria;k__;p__Proteobacteria;c__Gammaproteobacteria;o__Enterobacterales
258109	55.0	sk__Bacteria;k__;p__Proteobacteria;c__Gammaproteobacteria;o__Enterobacterales;f__Enterobacteriaceae
179419	1.0	sk__Bacteria;k__;p__Proteobacteria;c__Gammaproteobacteria;o__Enterobacterales;f__Enterobacteriaceae;g__Enterobacter;s__Enterobacter_sp._BBTR105
133313	3.0	sk__Bacteria;k__;p__Proteobacteria;c__Gammaproteobacteria;o__Enterobacterales;f__Erwiniaceae;g__Tatumella
112467	1.0	sk__Bacteria;k__;p__Proteobacteria;c__Gammaproteobacteria;o__Legionellales;f__Legionellaceae;g__Legionella
106489	1.0	sk__Bacteria;k__;p__Proteobacteria;c__Gammaproteobacteria;o__Methylococcales
5378	8.0	sk__Bacteria;k__;p__Proteobacteria;c__Gammaproteobacteria;o__Oceanospirillales;f__Halomonadaceae
179562	1.0	sk__Bacteria;k__;p__Proteobacteria;c__Gammaproteobacteria;o__Oceanospirillales;f__Halomonadaceae;g__Chromohalobacter
96217	1.0	sk__Bacteria;k__;p__Proteobacteria;c__Gammaproteobacteria;o__Oceanospirillales;f__Oceanospirillaceae;g__Marinobacterium
246206	3.0	sk__Bacteria;k__;p__Proteobacteria;c__Gammaproteobacteria;o__Pasteurellales;f__Pasteurellaceae
156414	14.0	sk__Bacteria;k__;p__Proteobacteria;c__Gammaproteobacteria;o__Pasteurellales;f__Pasteurellaceae;g__Haemophilus
262897	25.0	sk__Bacteria;k__;p__Proteobacteria;c__Gammaproteobacteria;o__Pseudomonadales
32926	39.0	sk__Bacteria;k__;p__Proteobacteria;c__Gammaproteobacteria;o__Pseudomonadales;f__Moraxellaceae
55775	288.0	sk__Bacteria;k__;p__Proteobacteria;c__Gammaproteobacteria;o__Pseudomonadales;f__Moraxellaceae;g__Acinetobacter
215304	3.0	sk__Bacteria;k__;p__Proteobacteria;c__Gammaproteobacteria;o__Pseudomonadales;f__Moraxellaceae;g__Alkanindiges
157079	4.0	sk__Bacteria;k__;p__Proteobacteria;c__Gammaproteobacteria;o__Pseudomonadales;f__Moraxellaceae;g__Moraxella
48953	14.0	sk__Bacteria;k__;p__Proteobacteria;c__Gammaproteobacteria;o__Pseudomonadales;f__Moraxellaceae;g__Psychrobacter
173838	7.0	sk__Bacteria;k__;p__Proteobacteria;c__Gammaproteobacteria;o__Pseudomonadales;f__Pseudomonadaceae
44470	60.0	sk__Bacteria;k__;p__Proteobacteria;c__Gammaproteobacteria;o__Pseudomonadales;f__Pseudomonadaceae;g__Pseudomonas
198264	1.0	sk__Bacteria;k__;p__Proteobacteria;c__Gammaproteobacteria;o__Pseudomonadales;f__Pseudomonadaceae;g__Thiopseudomonas
118292	1.0	sk__Bacteria;k__;p__Proteobacteria;c__Gammaproteobacteria;o__Thiotrichales;f__Thiotrichaceae;g__Thiothrix
109511	12.0	sk__Bacteria;k__;p__Proteobacteria;c__Gammaproteobacteria;o__Xanthomonadales
231485	6.0	sk__Bacteria;k__;p__Proteobacteria;c__Gammaproteobacteria;o__Xanthomonadales;f__Rhodanobacteraceae
46622	1.0	sk__Bacteria;k__;p__Proteobacteria;c__Gammaproteobacteria;o__Xanthomonadales;f__Rhodanobacteraceae;g__Dokdonella
27955	1.0	sk__Bacteria;k__;p__Proteobacteria;c__Gammaproteobacteria;o__Xanthomonadales;f__Rhodanobacteraceae;g__Rhodanobacter
63392	40.0	sk__Bacteria;k__;p__Proteobacteria;c__Gammaproteobacteria;o__Xanthomonadales;f__Xanthomonadaceae
236722	3.0	sk__Bacteria;k__;p__Proteobacteria;c__Gammaproteobacteria;o__Xanthomonadales;f__Xanthomonadaceae;g__Arenimonas
197495	2.0	sk__Bacteria;k__;p__Proteobacteria;c__Gammaproteobacteria;o__Xanthomonadales;f__Xanthomonadaceae;g__Pseudoxanthomonas
54362	6.0	sk__Bacteria;k__;p__Proteobacteria;c__Gammaproteobacteria;o__Xanthomonadales;f__Xanthomonadaceae;g__Thermomonas
211671	4.0	sk__Bacteria;k__;p__Proteobacteria;c__Gammaproteobacteria;o__Xanthomonadales;f__Xanthomonadaceae;g__Vulcaniibacterium
253125	7.0	sk__Bacteria;k__;p__Proteobacteria;c__Hydrogenophilalia;o__Hydrogenophilales;f__Hydrogenophilaceae
38643	1.0	sk__Bacteria;k__;p__Proteobacteria;c__Hydrogenophilalia;o__Hydrogenophilales;f__Hydrogenophilaceae;g__Tepidiphilus
99800	4.0	sk__Bacteria;k__;p__Proteobacteria;c__Oligoflexia;o__Bdellovibrionales;f__Bdellovibrionaceae;g__Bdellovibrio
218286	24.0	sk__Bacteria;k__;p__Synergistetes;c__Synergistia;o__Synergistales;f__Synergistaceae
159623	2.0	sk__Bacteria;k__;p__Synergistetes;c__Synergistia;o__Synergistales;f__Synergistaceae;g__Aminobacterium
33212	1.0	sk__Bacteria;k__;p__Synergistetes;c__Synergistia;o__Synergistales;f__Synergistaceae;g__Candidatus_Tammella
8406	34.0	sk__Bacteria;k__;p__Tenericutes;c__Mollicutes
79943	4.0	sk__Bacteria;k__;p__Tenericutes;c__Mollicutes;o__Acholeplasmatales;f__Acholeplasmataceae;g__Acholeplasma
101210	8.0	sk__Bacteria;k__;p__Verrucomicrobia
15952	1.0	sk__Bacteria;k__;p__Verrucomicrobia;c__;o__;f__;g__;s__Verrucomicrobia_bacterium_ADurb.Bin063
96244	3.0	sk__Bacteria;k__;p__Verrucomicrobia;c__;o__;f__;g__;s__Verrucomicrobia_bacterium_ADurb.Bin070
66248	1.0	sk__Bacteria;k__;p__Verrucomicrobia;c__Spartobacteria;o__;f__;g__Terrimicrobium
195040	1.0	sk__Bacteria;k__;p__Verrucomicrobia;c__Spartobacteria;o__Chthoniobacterales;f__Chthoniobacteraceae;g__Candidatus_Udaeobacter
176751	1.0	sk__Bacteria;k__;p__Verrucomicrobia;c__Spartobacteria;o__Chthoniobacterales;f__Chthoniobacteraceae;g__Chthoniobacter
221734	7.0	sk__Bacteria;k__;p__Verrucomicrobia;c__Verrucomicrobiae
179894	1.0	sk__Bacteria;k__;p__Verrucomicrobia;c__Verrucomicrobiae;o__Verrucomicrobiales
172945	50.0	sk__Bacteria;k__;p__Verrucomicrobia;c__Verrucomicrobiae;o__Verrucomicrobiales;f__Akkermansiaceae;g__Akkermansia
1957	8.0	sk__Bacteria;k__;p__Verrucomicrobia;c__Verrucomicrobiae;o__Verrucomicrobiales;f__Akkermansiaceae;g__Akkermansia;s__Akkermansia_muciniphila
6794	60.0	sk__Chloroplast
192431	3.0	sk__Eukaryota
30737	1.0	sk__Eukaryota;k__;p__Euglenida;c__;o__Sphenomonadales;f__Sphenomonadidae;g__Petalomonas
181514	2.0	sk__Eukaryota;k__Fungi
116849	1.0	sk__Eukaryota;k__Fungi;p__Ascomycota;c__Saccharomycetes
6852	14.0	sk__Eukaryota;k__Fungi;p__Ascomycota;c__Saccharomycetes;o__Saccharomycetales
237118	11.0	sk__Eukaryota;k__Fungi;p__Ascomycota;c__Saccharomycetes;o__Saccharomycetales;f__Dipodascaceae
31550	1.0	sk__Eukaryota;k__Fungi;p__Ascomycota;c__Saccharomycetes;o__Saccharomycetales;f__Dipodascaceae;g__Magnusiomyces;s__Magnusiomyces_tetrasperma
59800	1.0	sk__Eukaryota;k__Fungi;p__Ascomycota;c__Saccharomycetes;o__Saccharomycetales;f__Dipodascaceae;g__Saprochaete
87313	1.0	sk__Eukaryota;k__Fungi;p__Ascomycota;c__Saccharomycetes;o__Saccharomycetales;f__Dipodascaceae;g__Saprochaete;s__Saprochaete_clavata
151267	5.0	sk__Eukaryota;k__Fungi;p__Ascomycota;c__Saccharomycetes;o__Saccharomycetales;f__Saccharomycetaceae
97996	2.0	sk__Eukaryota;k__Fungi;p__Cryptomycota
595	1.0	sk__Eukaryota;k__Metazoa;p__Arthropoda;c__Arachnida;o__Astigmata
141968	2.0	sk__Eukaryota;k__Metazoa;p__Nematoda
190977	1.0	sk__Eukaryota;k__Metazoa;p__Nematoda;c__Chromadorea;o__Diplogasterida
262918	2.0	sk__Eukaryota;k__Metazoa;p__Nematoda;c__Chromadorea;o__Rhabditida;f__Diploscapteridae;g__Diploscapter
31256	1.0	sk__Eukaryota;k__Metazoa;p__Nematoda;c__Chromadorea;o__Rhabditida;f__Rhabditidae;g__Caenorhabditis
186203	6.0	sk__Eukaryota;k__Metazoa;p__Nematoda;c__Chromadorea;o__Rhabditida;f__Rhabditidae;g__Pelodera
21645	5.0	sk__Eukaryota;k__Viridiplantae;p__Streptophyta
151553	1.0	sk__Eukaryota;k__Viridiplantae;p__Streptophyta;c__;o__Fabales;f__Fabaceae
233398	9.0	sk__Mitochondria
