# Constructed from biom file
# OTU ID	ERR2570160	taxonomy
207119	10.0	sk__Archaea
87214	3.0	sk__Archaea;k__;p__Candidatus_Diapherotrites
161880	5.0	sk__Archaea;k__;p__Candidatus_Diapherotrites;c__;o__;f__;g__;s__Candidatus_Diapherotrites_archaeon_ADurb.Bin253
107380	1.0	sk__Archaea;k__;p__Euryarchaeota
85233	1.0	sk__Archaea;k__;p__Euryarchaeota;c__Methanobacteria;o__Methanobacteriales;f__Methanobacteriaceae
133302	3.0	sk__Archaea;k__;p__Euryarchaeota;c__Methanobacteria;o__Methanobacteriales;f__Methanobacteriaceae;g__Methanobacterium
72966	4.0	sk__Archaea;k__;p__Euryarchaeota;c__Methanobacteria;o__Methanobacteriales;f__Methanobacteriaceae;g__Methanobrevibacter
161165	27.0	sk__Archaea;k__;p__Euryarchaeota;c__Methanomicrobia
73625	3.0	sk__Archaea;k__;p__Euryarchaeota;c__Methanomicrobia;o__Methanomicrobiales
233657	16.0	sk__Archaea;k__;p__Euryarchaeota;c__Methanomicrobia;o__Methanomicrobiales;f__Methanomicrobiaceae;g__Methanomicrobium
164917	9.0	sk__Archaea;k__;p__Euryarchaeota;c__Methanomicrobia;o__Methanomicrobiales;f__Methanoregulaceae;g__Methanolinea
206302	1.0	sk__Archaea;k__;p__Euryarchaeota;c__Methanomicrobia;o__Methanomicrobiales;f__Methanoregulaceae;g__Methanoregula
171024	10.0	sk__Archaea;k__;p__Euryarchaeota;c__Methanomicrobia;o__Methanomicrobiales;f__Methanospirillaceae;g__Methanospirillum
264803	3.0	sk__Archaea;k__;p__Euryarchaeota;c__Methanomicrobia;o__Methanosarcinales
111078	485.0	sk__Archaea;k__;p__Euryarchaeota;c__Methanomicrobia;o__Methanosarcinales;f__Methanosaetaceae
106763	1.0	sk__Archaea;k__;p__Euryarchaeota;c__Methanomicrobia;o__Methanosarcinales;f__Methanosarcinaceae
135792	1.0	sk__Archaea;k__;p__Euryarchaeota;c__Thermococci
103181	9445.0	sk__Bacteria
199093	1.0	sk__Bacteria;k__;p__;c__;o__;f__;g__;s__arsenic-oxidizing_bacterium_B09
232852	3.0	sk__Bacteria;k__;p__;c__;o__;f__;g__;s__bacterium
215090	2.0	sk__Bacteria;k__;p__;c__;o__;f__;g__;s__bacterium_YC-ZSS-LKJ66
66033	1.0	sk__Bacteria;k__;p__;c__;o__;f__;g__;s__bacterium_endosymbiont_of_Onthophagus_Taurus
156123	1.0	sk__Bacteria;k__;p__;c__;o__;f__;g__;s__bacterium_enrichment_culture_clone_Anammox_46
148741	1.0	sk__Bacteria;k__;p__;c__;o__;f__;g__;s__bacterium_enrichment_culture_clone_Anammox_49
46332	1.0	sk__Bacteria;k__;p__;c__;o__;f__;g__;s__bacterium_enrichment_culture_clone_B213(2011)
4914	1.0	sk__Bacteria;k__;p__;c__;o__;f__;g__;s__bacterium_enrichment_culture_clone_BA27
157916	5.0	sk__Bacteria;k__;p__;c__;o__;f__;g__;s__bacterium_enrichment_culture_clone_DPF01
20924	29.0	sk__Bacteria;k__;p__;c__;o__;f__;g__;s__bacterium_enrichment_culture_clone_LDC-11
234116	2.0	sk__Bacteria;k__;p__;c__;o__;f__;g__;s__bacterium_enrichment_culture_clone_R4-81B
157578	1.0	sk__Bacteria;k__;p__;c__;o__;f__;g__;s__candidate_division_TM6_bacterium_GW2011_GWF2_30_66
123131	40.0	sk__Bacteria;k__;p__;c__;o__;f__;g__;s__candidate_division_WS2_bacterium_ADurb.Bin280
139962	1.0	sk__Bacteria;k__;p__;c__;o__;f__;g__;s__candidate_division_WS6_bacterium_GW2011_GWE2_33_157
101475	1.0	sk__Bacteria;k__;p__;c__;o__;f__;g__;s__iron-reducing_bacterium_enrichment_culture_clone_FEA_2_B5
247609	1.0	sk__Bacteria;k__;p__;c__;o__;f__;g__;s__iron-reducing_bacterium_enrichment_culture_clone_FeC_2_B8
253691	15.0	sk__Bacteria;k__;p__;c__;o__;f__;g__;s__toluene-degrading_methanogenic_consortium_bacterium
77629	1.0	sk__Bacteria;k__;p__;c__;o__;f__;g__Vermiphilus;s__Vermiphilus_pyriformis
83222	194.0	sk__Bacteria;k__;p__Acidobacteria
70483	3.0	sk__Bacteria;k__;p__Acidobacteria;c__;o__;f__;g__Luteitalea
157408	2.0	sk__Bacteria;k__;p__Acidobacteria;c__Acidobacteriia
178728	1.0	sk__Bacteria;k__;p__Acidobacteria;c__Acidobacteriia;o__Acidobacteriales
128420	104.0	sk__Bacteria;k__;p__Acidobacteria;c__Blastocatellia
233466	12.0	sk__Bacteria;k__;p__Acidobacteria;c__Blastocatellia;o__;f__;g__Blastocatella
195832	29.0	sk__Bacteria;k__;p__Acidobacteria;c__Blastocatellia;o__;f__;g__Stenotrophobacter
120758	16.0	sk__Bacteria;k__;p__Acidobacteria;c__Holophagae
148225	9.0	sk__Bacteria;k__;p__Acidobacteria;c__Holophagae;o__Holophagales;f__Holophagaceae
48576	2.0	sk__Bacteria;k__;p__Acidobacteria;c__Holophagae;o__Holophagales;f__Holophagaceae;g__Holophaga
199575	1.0	sk__Bacteria;k__;p__Acidobacteria;c__Solibacteres;o__Solibacterales
160258	3.0	sk__Bacteria;k__;p__Acidobacteria;c__Solibacteres;o__Solibacterales;f__Bryobacteraceae;g__Bryobacter
219940	8.0	sk__Bacteria;k__;p__Acidobacteria;c__Solibacteres;o__Solibacterales;f__Bryobacteraceae;g__Paludibaculum
227456	4.0	sk__Bacteria;k__;p__Acidobacteria;c__Solibacteres;o__Solibacterales;f__Solibacteraceae;g__Candidatus_Solibacter
57104	358.0	sk__Bacteria;k__;p__Actinobacteria
127050	4979.0	sk__Bacteria;k__;p__Actinobacteria;c__Acidimicrobiia
20908	1.0	sk__Bacteria;k__;p__Actinobacteria;c__Acidimicrobiia;o__;f__;g__;s__Acidimicrobiia_bacterium_BACL6_MAG-120322-bin79
27690	1.0	sk__Bacteria;k__;p__Actinobacteria;c__Acidimicrobiia;o__Acidimicrobiales
113395	1.0	sk__Bacteria;k__;p__Actinobacteria;c__Acidimicrobiia;o__Acidimicrobiales;f__Acidimicrobiaceae
162670	7.0	sk__Bacteria;k__;p__Actinobacteria;c__Acidimicrobiia;o__Acidimicrobiales;f__Acidimicrobiaceae;g__Ilumatobacter
19495	30.0	sk__Bacteria;k__;p__Actinobacteria;c__Acidimicrobiia;o__Acidimicrobiales;f__Iamiaceae
166661	7.0	sk__Bacteria;k__;p__Actinobacteria;c__Acidimicrobiia;o__Acidimicrobiales;f__Iamiaceae;g__Aquihabitans;s__Aquihabitans_daechungensis
222885	78.0	sk__Bacteria;k__;p__Actinobacteria;c__Acidimicrobiia;o__Acidimicrobiales;f__Iamiaceae;g__Iamia
119672	2.0	sk__Bacteria;k__;p__Actinobacteria;c__Acidimicrobiia;o__Acidimicrobiales;f__Microthrixaceae
97521	150.0	sk__Bacteria;k__;p__Actinobacteria;c__Acidimicrobiia;o__Acidimicrobiales;f__Microthrixaceae;g__Candidatus_Microthrix
219738	856.0	sk__Bacteria;k__;p__Actinobacteria;c__Actinobacteria
236009	14.0	sk__Bacteria;k__;p__Actinobacteria;c__Actinobacteria;o__;f__;g__;s__actinobacterium_SCGC_AAA041-L13
178967	2.0	sk__Bacteria;k__;p__Actinobacteria;c__Actinobacteria;o__;f__;g__;s__actinobacterium_SCGC_AAA044-D11
43177	1.0	sk__Bacteria;k__;p__Actinobacteria;c__Actinobacteria;o__;f__;g__;s__actinobacterium_YJF1-30
47921	5.0	sk__Bacteria;k__;p__Actinobacteria;c__Actinobacteria;o__Actinomycetales;f__Actinomycetaceae
5336	1.0	sk__Bacteria;k__;p__Actinobacteria;c__Actinobacteria;o__Actinomycetales;f__Actinomycetaceae;g__Actinomyces
49601	1.0	sk__Bacteria;k__;p__Actinobacteria;c__Actinobacteria;o__Actinomycetales;f__Actinomycetaceae;g__Trueperella
188952	1.0	sk__Bacteria;k__;p__Actinobacteria;c__Actinobacteria;o__Bifidobacteriales
39641	1.0	sk__Bacteria;k__;p__Actinobacteria;c__Actinobacteria;o__Bifidobacteriales;f__;g__Candidatus_Ancillula
29419	17.0	sk__Bacteria;k__;p__Actinobacteria;c__Actinobacteria;o__Bifidobacteriales;f__Bifidobacteriaceae
140233	263.0	sk__Bacteria;k__;p__Actinobacteria;c__Actinobacteria;o__Bifidobacteriales;f__Bifidobacteriaceae;g__Bifidobacterium
224715	2.0	sk__Bacteria;k__;p__Actinobacteria;c__Actinobacteria;o__Candidatus_Nanopelagicales
232711	85.0	sk__Bacteria;k__;p__Actinobacteria;c__Actinobacteria;o__Candidatus_Nanopelagicales;f__;g__Candidatus_Planktophila
76593	44.0	sk__Bacteria;k__;p__Actinobacteria;c__Actinobacteria;o__Corynebacteriales
24669	4.0	sk__Bacteria;k__;p__Actinobacteria;c__Actinobacteria;o__Corynebacteriales;f__Corynebacteriaceae
254706	5.0	sk__Bacteria;k__;p__Actinobacteria;c__Actinobacteria;o__Corynebacteriales;f__Corynebacteriaceae;g__Corynebacterium
163123	1.0	sk__Bacteria;k__;p__Actinobacteria;c__Actinobacteria;o__Corynebacteriales;f__Dietziaceae
248701	1.0	sk__Bacteria;k__;p__Actinobacteria;c__Actinobacteria;o__Corynebacteriales;f__Dietziaceae;g__Dietzia
130761	1.0	sk__Bacteria;k__;p__Actinobacteria;c__Actinobacteria;o__Corynebacteriales;f__Gordoniaceae
77276	16.0	sk__Bacteria;k__;p__Actinobacteria;c__Actinobacteria;o__Corynebacteriales;f__Gordoniaceae;g__Gordonia
118973	2.0	sk__Bacteria;k__;p__Actinobacteria;c__Actinobacteria;o__Corynebacteriales;f__Mycobacteriaceae
112003	14.0	sk__Bacteria;k__;p__Actinobacteria;c__Actinobacteria;o__Corynebacteriales;f__Mycobacteriaceae;g__Mycobacterium
202203	2.0	sk__Bacteria;k__;p__Actinobacteria;c__Actinobacteria;o__Corynebacteriales;f__Nocardiaceae
14400	1.0	sk__Bacteria;k__;p__Actinobacteria;c__Actinobacteria;o__Corynebacteriales;f__Nocardiaceae;g__Nocardia
219361	1.0	sk__Bacteria;k__;p__Actinobacteria;c__Actinobacteria;o__Corynebacteriales;f__Nocardiaceae;g__Rhodococcus
234464	168.0	sk__Bacteria;k__;p__Actinobacteria;c__Actinobacteria;o__Frankiales
174850	104.0	sk__Bacteria;k__;p__Actinobacteria;c__Actinobacteria;o__Frankiales;f__Cryptosporangiaceae
189688	1323.0	sk__Bacteria;k__;p__Actinobacteria;c__Actinobacteria;o__Frankiales;f__Cryptosporangiaceae;g__Fodinicola
150760	1.0	sk__Bacteria;k__;p__Actinobacteria;c__Actinobacteria;o__Frankiales;f__Frankiaceae
56356	2056.0	sk__Bacteria;k__;p__Actinobacteria;c__Actinobacteria;o__Frankiales;f__Sporichthyaceae
129011	3.0	sk__Bacteria;k__;p__Actinobacteria;c__Actinobacteria;o__Frankiales;f__Sporichthyaceae;g__Sporichthya
217471	296.0	sk__Bacteria;k__;p__Actinobacteria;c__Actinobacteria;o__Micrococcales
262249	3.0	sk__Bacteria;k__;p__Actinobacteria;c__Actinobacteria;o__Micrococcales;f__Beutenbergiaceae
72185	10.0	sk__Bacteria;k__;p__Actinobacteria;c__Actinobacteria;o__Micrococcales;f__Cellulomonadaceae
160219	1.0	sk__Bacteria;k__;p__Actinobacteria;c__Actinobacteria;o__Micrococcales;f__Dermabacteraceae;g__Dermabacter
72001	3.0	sk__Bacteria;k__;p__Actinobacteria;c__Actinobacteria;o__Micrococcales;f__Dermatophilaceae
231776	100.0	sk__Bacteria;k__;p__Actinobacteria;c__Actinobacteria;o__Micrococcales;f__Intrasporangiaceae
241754	1603.0	sk__Bacteria;k__;p__Actinobacteria;c__Actinobacteria;o__Micrococcales;f__Microbacteriaceae
100146	1.0	sk__Bacteria;k__;p__Actinobacteria;c__Actinobacteria;o__Micrococcales;f__Microbacteriaceae;g__Agromyces
196501	6.0	sk__Bacteria;k__;p__Actinobacteria;c__Actinobacteria;o__Micrococcales;f__Microbacteriaceae;g__Candidatus_Aquiluna
247549	82.0	sk__Bacteria;k__;p__Actinobacteria;c__Actinobacteria;o__Micrococcales;f__Microbacteriaceae;g__Candidatus_Limnoluna
8471	1.0	sk__Bacteria;k__;p__Actinobacteria;c__Actinobacteria;o__Micrococcales;f__Microbacteriaceae;g__Candidatus_Limnoluna;s__Candidatus_Limnoluna_rubra
44683	4.0	sk__Bacteria;k__;p__Actinobacteria;c__Actinobacteria;o__Micrococcales;f__Microbacteriaceae;g__Leucobacter
240009	12.0	sk__Bacteria;k__;p__Actinobacteria;c__Actinobacteria;o__Micrococcales;f__Microbacteriaceae;g__Microbacterium
53812	1.0	sk__Bacteria;k__;p__Actinobacteria;c__Actinobacteria;o__Micrococcales;f__Microbacteriaceae;g__Parafrigoribacterium
11156	22.0	sk__Bacteria;k__;p__Actinobacteria;c__Actinobacteria;o__Micrococcales;f__Microbacteriaceae;g__Rhodoluna
13443	49.0	sk__Bacteria;k__;p__Actinobacteria;c__Actinobacteria;o__Micrococcales;f__Micrococcaceae
17875	5.0	sk__Bacteria;k__;p__Actinobacteria;c__Actinobacteria;o__Micrococcales;f__Micrococcaceae;g__Arthrobacter
197120	1.0	sk__Bacteria;k__;p__Actinobacteria;c__Actinobacteria;o__Micrococcales;f__Micrococcaceae;g__Kocuria
169342	2.0	sk__Bacteria;k__;p__Actinobacteria;c__Actinobacteria;o__Micrococcales;f__Micrococcaceae;g__Rothia
59795	3.0	sk__Bacteria;k__;p__Actinobacteria;c__Actinobacteria;o__Micromonosporales;f__Micromonosporaceae
75002	4.0	sk__Bacteria;k__;p__Actinobacteria;c__Actinobacteria;o__Nakamurellales;f__Nakamurellaceae;g__Nakamurella
128986	3.0	sk__Bacteria;k__;p__Actinobacteria;c__Actinobacteria;o__Propionibacteriales
73138	2.0	sk__Bacteria;k__;p__Actinobacteria;c__Actinobacteria;o__Propionibacteriales;f__Nocardioidaceae
220566	2.0	sk__Bacteria;k__;p__Actinobacteria;c__Actinobacteria;o__Propionibacteriales;f__Nocardioidaceae;g__Nocardioides
204285	13.0	sk__Bacteria;k__;p__Actinobacteria;c__Actinobacteria;o__Propionibacteriales;f__Propionibacteriaceae
63917	5.0	sk__Bacteria;k__;p__Actinobacteria;c__Actinobacteria;o__Propionibacteriales;f__Propionibacteriaceae;g__Aestuariimicrobium
31332	2.0	sk__Bacteria;k__;p__Actinobacteria;c__Actinobacteria;o__Propionibacteriales;f__Propionibacteriaceae;g__Tessaracoccus
218483	1.0	sk__Bacteria;k__;p__Actinobacteria;c__Actinobacteria;o__Pseudonocardiales;f__Pseudonocardiaceae;g__Actinophytocola
256848	3.0	sk__Bacteria;k__;p__Actinobacteria;c__Actinobacteria;o__Streptomycetales;f__Streptomycetaceae
248615	1.0	sk__Bacteria;k__;p__Actinobacteria;c__Actinobacteria;o__Streptosporangiales;f__Thermomonosporaceae
79374	106.0	sk__Bacteria;k__;p__Actinobacteria;c__Coriobacteriia
100589	6.0	sk__Bacteria;k__;p__Actinobacteria;c__Coriobacteriia;o__Coriobacteriales
29913	6.0	sk__Bacteria;k__;p__Actinobacteria;c__Coriobacteriia;o__Coriobacteriales;f__Atopobiaceae
4860	3.0	sk__Bacteria;k__;p__Actinobacteria;c__Coriobacteriia;o__Coriobacteriales;f__Atopobiaceae;g__Olsenella
57172	5.0	sk__Bacteria;k__;p__Actinobacteria;c__Coriobacteriia;o__Coriobacteriales;f__Coriobacteriaceae
256813	51.0	sk__Bacteria;k__;p__Actinobacteria;c__Coriobacteriia;o__Coriobacteriales;f__Coriobacteriaceae;g__Collinsella
175786	8.0	sk__Bacteria;k__;p__Actinobacteria;c__Coriobacteriia;o__Coriobacteriales;f__Coriobacteriaceae;g__Collinsella;s__Collinsella_aerofaciens
96687	1.0	sk__Bacteria;k__;p__Actinobacteria;c__Coriobacteriia;o__Coriobacteriales;f__Coriobacteriaceae;g__Senegalimassilia
173950	20.0	sk__Bacteria;k__;p__Actinobacteria;c__Coriobacteriia;o__Eggerthellales;f__Eggerthellaceae
168750	3.0	sk__Bacteria;k__;p__Actinobacteria;c__Coriobacteriia;o__Eggerthellales;f__Eggerthellaceae;g__Eggerthella
117666	14.0	sk__Bacteria;k__;p__Actinobacteria;c__Coriobacteriia;o__Eggerthellales;f__Eggerthellaceae;g__Enterorhabdus
225835	1.0	sk__Bacteria;k__;p__Actinobacteria;c__Coriobacteriia;o__Eggerthellales;f__Eggerthellaceae;g__Raoultibacter
213162	1.0	sk__Bacteria;k__;p__Actinobacteria;c__Nitriliruptoria;o__Nitriliruptorales;f__Nitriliruptoraceae
174377	9.0	sk__Bacteria;k__;p__Actinobacteria;c__Rubrobacteria;o__Gaiellales
224895	3.0	sk__Bacteria;k__;p__Actinobacteria;c__Rubrobacteria;o__Gaiellales;f__Gaiellaceae;g__Gaiella
97979	27.0	sk__Bacteria;k__;p__Actinobacteria;c__Thermoleophilia;o__Solirubrobacterales
147010	6.0	sk__Bacteria;k__;p__Actinobacteria;c__Thermoleophilia;o__Solirubrobacterales;f__Conexibacteraceae;g__Conexibacter
233335	1.0	sk__Bacteria;k__;p__Actinobacteria;c__Thermoleophilia;o__Solirubrobacterales;f__Patulibacteraceae;g__Patulibacter
243595	15.0	sk__Bacteria;k__;p__Armatimonadetes
199840	2.0	sk__Bacteria;k__;p__Armatimonadetes;c__Armatimonadia
82491	1.0	sk__Bacteria;k__;p__Armatimonadetes;c__Armatimonadia;o__Armatimonadales
92330	4.0	sk__Bacteria;k__;p__Armatimonadetes;c__Fimbriimonadia;o__Fimbriimonadales;f__Fimbriimonadaceae
103906	283.0	sk__Bacteria;k__;p__Bacteroidetes
81281	1.0	sk__Bacteria;k__;p__Bacteroidetes;c__;o__;f__;g__;s__Bacteroidetes_bacterium_RBE2CD-54
225733	5.0	sk__Bacteria;k__;p__Bacteroidetes;c__Bacteroidia
232486	181.0	sk__Bacteria;k__;p__Bacteroidetes;c__Bacteroidia;o__Bacteroidales
236663	11.0	sk__Bacteria;k__;p__Bacteroidetes;c__Bacteroidia;o__Bacteroidales;f__Bacteroidaceae
192138	973.0	sk__Bacteria;k__;p__Bacteroidetes;c__Bacteroidia;o__Bacteroidales;f__Bacteroidaceae;g__Bacteroides
222275	1.0	sk__Bacteria;k__;p__Bacteroidetes;c__Bacteroidia;o__Bacteroidales;f__Bacteroidaceae;g__Bacteroides;s__Bacteroides_coprocola
69025	1.0	sk__Bacteria;k__;p__Bacteroidetes;c__Bacteroidia;o__Bacteroidales;f__Bacteroidaceae;g__Bacteroides;s__Bacteroides_nordii
181744	6.0	sk__Bacteria;k__;p__Bacteroidetes;c__Bacteroidia;o__Bacteroidales;f__Bacteroidaceae;g__Bacteroides;s__Bacteroides_plebeius
157143	1.0	sk__Bacteria;k__;p__Bacteroidetes;c__Bacteroidia;o__Bacteroidales;f__Bacteroidaceae;g__Bacteroides;s__Bacteroides_vulgatus
240960	7.0	sk__Bacteria;k__;p__Bacteroidetes;c__Bacteroidia;o__Bacteroidales;f__Barnesiellaceae;g__Barnesiella
123353	1.0	sk__Bacteria;k__;p__Bacteroidetes;c__Bacteroidia;o__Bacteroidales;f__Barnesiellaceae;g__Coprobacter
214667	2.0	sk__Bacteria;k__;p__Bacteroidetes;c__Bacteroidia;o__Bacteroidales;f__Dysgonamonadaceae
15859	1.0	sk__Bacteria;k__;p__Bacteroidetes;c__Bacteroidia;o__Bacteroidales;f__Dysgonamonadaceae;g__Dysgonomonas
71449	8.0	sk__Bacteria;k__;p__Bacteroidetes;c__Bacteroidia;o__Bacteroidales;f__Dysgonamonadaceae;g__Proteiniphilum
190521	77.0	sk__Bacteria;k__;p__Bacteroidetes;c__Bacteroidia;o__Bacteroidales;f__Lentimicrobiaceae
257124	5.0	sk__Bacteria;k__;p__Bacteroidetes;c__Bacteroidia;o__Bacteroidales;f__Lentimicrobiaceae;g__Lentimicrobium
175409	31.0	sk__Bacteria;k__;p__Bacteroidetes;c__Bacteroidia;o__Bacteroidales;f__Muribaculaceae
114812	1.0	sk__Bacteria;k__;p__Bacteroidetes;c__Bacteroidia;o__Bacteroidales;f__Odoribacteraceae;g__Butyricimonas
15523	12.0	sk__Bacteria;k__;p__Bacteroidetes;c__Bacteroidia;o__Bacteroidales;f__Odoribacteraceae;g__Odoribacter
3616	19.0	sk__Bacteria;k__;p__Bacteroidetes;c__Bacteroidia;o__Bacteroidales;f__Paludibacteraceae
175594	98.0	sk__Bacteria;k__;p__Bacteroidetes;c__Bacteroidia;o__Bacteroidales;f__Paludibacteraceae;g__Paludibacter
117121	5.0	sk__Bacteria;k__;p__Bacteroidetes;c__Bacteroidia;o__Bacteroidales;f__Porphyromonadaceae
85811	2.0	sk__Bacteria;k__;p__Bacteroidetes;c__Bacteroidia;o__Bacteroidales;f__Porphyromonadaceae;g__Fermentimonas
196721	1.0	sk__Bacteria;k__;p__Bacteroidetes;c__Bacteroidia;o__Bacteroidales;f__Porphyromonadaceae;g__Macellibacteroides
156917	2.0	sk__Bacteria;k__;p__Bacteroidetes;c__Bacteroidia;o__Bacteroidales;f__Porphyromonadaceae;g__Petrimonas
257397	125.0	sk__Bacteria;k__;p__Bacteroidetes;c__Bacteroidia;o__Bacteroidales;f__Prevotellaceae
228896	4.0	sk__Bacteria;k__;p__Bacteroidetes;c__Bacteroidia;o__Bacteroidales;f__Prevotellaceae;g__Alloprevotella
228402	11.0	sk__Bacteria;k__;p__Bacteroidetes;c__Bacteroidia;o__Bacteroidales;f__Prevotellaceae;g__Paraprevotella
119611	4.0	sk__Bacteria;k__;p__Bacteroidetes;c__Bacteroidia;o__Bacteroidales;f__Prevotellaceae;g__Prevotella
36836	438.0	sk__Bacteria;k__;p__Bacteroidetes;c__Bacteroidia;o__Bacteroidales;f__Rikenellaceae
107874	6.0	sk__Bacteria;k__;p__Bacteroidetes;c__Bacteroidia;o__Bacteroidales;f__Rikenellaceae;g__Acetobacteroides
34164	170.0	sk__Bacteria;k__;p__Bacteroidetes;c__Bacteroidia;o__Bacteroidales;f__Rikenellaceae;g__Alistipes
237033	70.0	sk__Bacteria;k__;p__Bacteroidetes;c__Bacteroidia;o__Bacteroidales;f__Rikenellaceae;g__Anaerocella
213685	1.0	sk__Bacteria;k__;p__Bacteroidetes;c__Bacteroidia;o__Bacteroidales;f__Rikenellaceae;g__Ruminofilibacter
80024	2.0	sk__Bacteria;k__;p__Bacteroidetes;c__Bacteroidia;o__Bacteroidales;f__Rikenellaceae;g__Tidjanibacter
24814	1.0	sk__Bacteria;k__;p__Bacteroidetes;c__Bacteroidia;o__Bacteroidales;f__Tannerellaceae
152005	73.0	sk__Bacteria;k__;p__Bacteroidetes;c__Bacteroidia;o__Bacteroidales;f__Tannerellaceae;g__Parabacteroides
245323	2.0	sk__Bacteria;k__;p__Bacteroidetes;c__Bacteroidia;o__Marinilabiliales
185734	1.0	sk__Bacteria;k__;p__Bacteroidetes;c__Bacteroidia;o__Marinilabiliales;f__Marinifilaceae
51356	3.0	sk__Bacteria;k__;p__Bacteroidetes;c__Bacteroidia;o__Marinilabiliales;f__Marinilabiliaceae
132537	37.0	sk__Bacteria;k__;p__Bacteroidetes;c__Bacteroidia;o__Marinilabiliales;f__Prolixibacteraceae
77752	1.0	sk__Bacteria;k__;p__Bacteroidetes;c__Bacteroidia;o__Marinilabiliales;f__Prolixibacteraceae;g__Meniscus
163180	5.0	sk__Bacteria;k__;p__Bacteroidetes;c__Bacteroidia;o__Marinilabiliales;f__Prolixibacteraceae;g__Roseimarinus
120905	3.0	sk__Bacteria;k__;p__Bacteroidetes;c__Chitinophagia
73614	357.0	sk__Bacteria;k__;p__Bacteroidetes;c__Chitinophagia;o__Chitinophagales
90282	355.0	sk__Bacteria;k__;p__Bacteroidetes;c__Chitinophagia;o__Chitinophagales;f__Chitinophagaceae
137891	2.0	sk__Bacteria;k__;p__Bacteroidetes;c__Chitinophagia;o__Chitinophagales;f__Chitinophagaceae;g__;s__Chitinophagaceae_bacterium_IBVUCB1
133483	21.0	sk__Bacteria;k__;p__Bacteroidetes;c__Chitinophagia;o__Chitinophagales;f__Chitinophagaceae;g__Dinghuibacter
66681	347.0	sk__Bacteria;k__;p__Bacteroidetes;c__Chitinophagia;o__Chitinophagales;f__Chitinophagaceae;g__Ferruginibacter
52054	3.0	sk__Bacteria;k__;p__Bacteroidetes;c__Chitinophagia;o__Chitinophagales;f__Chitinophagaceae;g__Flavihumibacter
168857	67.0	sk__Bacteria;k__;p__Bacteroidetes;c__Chitinophagia;o__Chitinophagales;f__Chitinophagaceae;g__Lacibacter
209018	1.0	sk__Bacteria;k__;p__Bacteroidetes;c__Chitinophagia;o__Chitinophagales;f__Chitinophagaceae;g__Niabella;s__Niabella_terrae
172211	1.0	sk__Bacteria;k__;p__Bacteroidetes;c__Chitinophagia;o__Chitinophagales;f__Chitinophagaceae;g__Niastella
123246	1.0	sk__Bacteria;k__;p__Bacteroidetes;c__Chitinophagia;o__Chitinophagales;f__Chitinophagaceae;g__Niastella;s__Niastella_sp._HME8655
150464	6.0	sk__Bacteria;k__;p__Bacteroidetes;c__Chitinophagia;o__Chitinophagales;f__Chitinophagaceae;g__Parasediminibacterium
73162	2.0	sk__Bacteria;k__;p__Bacteroidetes;c__Chitinophagia;o__Chitinophagales;f__Chitinophagaceae;g__Parasegetibacter
249027	543.0	sk__Bacteria;k__;p__Bacteroidetes;c__Chitinophagia;o__Chitinophagales;f__Chitinophagaceae;g__Sediminibacterium
225973	3.0	sk__Bacteria;k__;p__Bacteroidetes;c__Chitinophagia;o__Chitinophagales;f__Chitinophagaceae;g__Segetibacter
10690	107.0	sk__Bacteria;k__;p__Bacteroidetes;c__Chitinophagia;o__Chitinophagales;f__Chitinophagaceae;g__Terrimonas
4843	150.0	sk__Bacteria;k__;p__Bacteroidetes;c__Cytophagia;o__Cytophagales
145442	3.0	sk__Bacteria;k__;p__Bacteroidetes;c__Cytophagia;o__Cytophagales;f__Amoebophilaceae
34946	2.0	sk__Bacteria;k__;p__Bacteroidetes;c__Cytophagia;o__Cytophagales;f__Amoebophilaceae;g__Candidatus_Amoebophilus
170733	1.0	sk__Bacteria;k__;p__Bacteroidetes;c__Cytophagia;o__Cytophagales;f__Bernardetiaceae;g__Bernardetia
166377	9.0	sk__Bacteria;k__;p__Bacteroidetes;c__Cytophagia;o__Cytophagales;f__Cyclobacteriaceae
192608	19.0	sk__Bacteria;k__;p__Bacteroidetes;c__Cytophagia;o__Cytophagales;f__Cyclobacteriaceae;g__Algoriphagus
76418	51.0	sk__Bacteria;k__;p__Bacteroidetes;c__Cytophagia;o__Cytophagales;f__Cytophagaceae
201638	1.0	sk__Bacteria;k__;p__Bacteroidetes;c__Cytophagia;o__Cytophagales;f__Cytophagaceae;g__Arcicella
134798	42.0	sk__Bacteria;k__;p__Bacteroidetes;c__Cytophagia;o__Cytophagales;f__Cytophagaceae;g__Cytophaga
190958	13.0	sk__Bacteria;k__;p__Bacteroidetes;c__Cytophagia;o__Cytophagales;f__Cytophagaceae;g__Dyadobacter
71240	14.0	sk__Bacteria;k__;p__Bacteroidetes;c__Cytophagia;o__Cytophagales;f__Cytophagaceae;g__Emticicia
65034	1.0	sk__Bacteria;k__;p__Bacteroidetes;c__Cytophagia;o__Cytophagales;f__Cytophagaceae;g__Emticicia;s__Emticicia_sp._HMF3825
142565	4.0	sk__Bacteria;k__;p__Bacteroidetes;c__Cytophagia;o__Cytophagales;f__Cytophagaceae;g__Flectobacillus
259253	2.0	sk__Bacteria;k__;p__Bacteroidetes;c__Cytophagia;o__Cytophagales;f__Cytophagaceae;g__Fluviimonas
202998	22.0	sk__Bacteria;k__;p__Bacteroidetes;c__Cytophagia;o__Cytophagales;f__Cytophagaceae;g__Lacihabitans
42978	1.0	sk__Bacteria;k__;p__Bacteroidetes;c__Cytophagia;o__Cytophagales;f__Cytophagaceae;g__Lacihabitans;s__Lacihabitans_soyangensis
201343	689.0	sk__Bacteria;k__;p__Bacteroidetes;c__Cytophagia;o__Cytophagales;f__Cytophagaceae;g__Pseudarcicella
248589	30.0	sk__Bacteria;k__;p__Bacteroidetes;c__Cytophagia;o__Cytophagales;f__Cytophagaceae;g__Runella
95550	108.0	sk__Bacteria;k__;p__Bacteroidetes;c__Cytophagia;o__Cytophagales;f__Microscillaceae
101910	47.0	sk__Bacteria;k__;p__Bacteroidetes;c__Flavobacteriia
64509	149.0	sk__Bacteria;k__;p__Bacteroidetes;c__Flavobacteriia;o__Flavobacteriales
88648	3.0	sk__Bacteria;k__;p__Bacteroidetes;c__Flavobacteriia;o__Flavobacteriales;f__Crocinitomicaceae
69371	2.0	sk__Bacteria;k__;p__Bacteroidetes;c__Flavobacteriia;o__Flavobacteriales;f__Crocinitomicaceae;g__Crocinitomix
185862	120.0	sk__Bacteria;k__;p__Bacteroidetes;c__Flavobacteriia;o__Flavobacteriales;f__Crocinitomicaceae;g__Fluviicola
39556	32.0	sk__Bacteria;k__;p__Bacteroidetes;c__Flavobacteriia;o__Flavobacteriales;f__Cryomorphaceae
250156	1083.0	sk__Bacteria;k__;p__Bacteroidetes;c__Flavobacteriia;o__Flavobacteriales;f__Flavobacteriaceae
216452	97.0	sk__Bacteria;k__;p__Bacteroidetes;c__Flavobacteriia;o__Flavobacteriales;f__Flavobacteriaceae;g__Chryseobacterium
69372	93.0	sk__Bacteria;k__;p__Bacteroidetes;c__Flavobacteriia;o__Flavobacteriales;f__Flavobacteriaceae;g__Cloacibacterium
247065	1.0	sk__Bacteria;k__;p__Bacteroidetes;c__Flavobacteriia;o__Flavobacteriales;f__Flavobacteriaceae;g__Cloacibacterium;s__Cloacibacterium_sp.
178727	2312.0	sk__Bacteria;k__;p__Bacteroidetes;c__Flavobacteriia;o__Flavobacteriales;f__Flavobacteriaceae;g__Flavobacterium
32892	1.0	sk__Bacteria;k__;p__Bacteroidetes;c__Flavobacteriia;o__Flavobacteriales;f__Flavobacteriaceae;g__Flavobacterium;s__Flavobacterium_sp._W2
88764	3.0	sk__Bacteria;k__;p__Bacteroidetes;c__Flavobacteriia;o__Flavobacteriales;f__Flavobacteriaceae;g__Moheibacter
263481	2.0	sk__Bacteria;k__;p__Bacteroidetes;c__Flavobacteriia;o__Flavobacteriales;f__Flavobacteriaceae;g__Ulvibacter
173876	45.0	sk__Bacteria;k__;p__Bacteroidetes;c__Saprospiria;o__Saprospirales
64487	13.0	sk__Bacteria;k__;p__Bacteroidetes;c__Saprospiria;o__Saprospirales;f__Haliscomenobacteraceae;g__Haliscomenobacter
124698	531.0	sk__Bacteria;k__;p__Bacteroidetes;c__Saprospiria;o__Saprospirales;f__Saprospiraceae
18617	5.0	sk__Bacteria;k__;p__Bacteroidetes;c__Saprospiria;o__Saprospirales;f__Saprospiraceae;g__Aureispira
199969	2.0	sk__Bacteria;k__;p__Bacteroidetes;c__Saprospiria;o__Saprospirales;f__Saprospiraceae;g__Candidatus_Aquirestis
108087	3.0	sk__Bacteria;k__;p__Bacteroidetes;c__Saprospiria;o__Saprospirales;f__Saprospiraceae;g__Membranicola
183643	181.0	sk__Bacteria;k__;p__Bacteroidetes;c__Sphingobacteriia
131089	743.0	sk__Bacteria;k__;p__Bacteroidetes;c__Sphingobacteriia;o__Sphingobacteriales
114718	118.0	sk__Bacteria;k__;p__Bacteroidetes;c__Sphingobacteriia;o__Sphingobacteriales;f__Sphingobacteriaceae
48243	6.0	sk__Bacteria;k__;p__Bacteroidetes;c__Sphingobacteriia;o__Sphingobacteriales;f__Sphingobacteriaceae;g__Mucilaginibacter
56546	48.0	sk__Bacteria;k__;p__Bacteroidetes;c__Sphingobacteriia;o__Sphingobacteriales;f__Sphingobacteriaceae;g__Pedobacter
244658	4.0	sk__Bacteria;k__;p__Bacteroidetes;c__Sphingobacteriia;o__Sphingobacteriales;f__Sphingobacteriaceae;g__Pedobacter;s__Pedobacter_rivuli
61613	144.0	sk__Bacteria;k__;p__Bacteroidetes;c__Sphingobacteriia;o__Sphingobacteriales;f__Sphingobacteriaceae;g__Solitalea
197552	4.0	sk__Bacteria;k__;p__Bacteroidetes;c__Sphingobacteriia;o__Sphingobacteriales;f__Sphingobacteriaceae;g__Sphingobacterium
76191	1.0	sk__Bacteria;k__;p__Balneolaeota;c__Balneolia;o__Balneolales;f__Balneolaceae
52407	10.0	sk__Bacteria;k__;p__Caldiserica;c__Caldisericia;o__Caldisericales
30572	1.0	sk__Bacteria;k__;p__Calditrichaeota;c__Calditrichae;o__Calditrichales
260640	2.0	sk__Bacteria;k__;p__Calditrichaeota;c__Calditrichae;o__Calditrichales;f__Calditrichaceae
107442	2.0	sk__Bacteria;k__;p__Candidatus_Abawacabacteria
229632	49.0	sk__Bacteria;k__;p__Candidatus_Adlerbacteria
257606	3.0	sk__Bacteria;k__;p__Candidatus_Amesbacteria
27402	2.0	sk__Bacteria;k__;p__Candidatus_Atribacteria
7749	15.0	sk__Bacteria;k__;p__Candidatus_Azambacteria
259987	1.0	sk__Bacteria;k__;p__Candidatus_Azambacteria;c__;o__;f__;g__;s__Candidatus_Azambacteria_bacterium_GW2011_GWF2_42_22
73823	5.0	sk__Bacteria;k__;p__Candidatus_Beckwithbacteria
58134	4.0	sk__Bacteria;k__;p__Candidatus_Berkelbacteria
99291	1.0	sk__Bacteria;k__;p__Candidatus_Berkelbacteria;c__;o__;f__;g__;s__Candidatus_Berkelbacteria_bacterium_RIFOXYA2_FULL_43_10
226936	1.0	sk__Bacteria;k__;p__Candidatus_Blackburnbacteria
101481	2.0	sk__Bacteria;k__;p__Candidatus_Buchananbacteria
137910	24.0	sk__Bacteria;k__;p__Candidatus_Campbellbacteria
137718	3.0	sk__Bacteria;k__;p__Candidatus_Chisholmbacteria
156564	3.0	sk__Bacteria;k__;p__Candidatus_Cloacimonetes
109091	24.0	sk__Bacteria;k__;p__Candidatus_Cloacimonetes;c__;o__;f__;g__Candidatus_Cloacimonas
121626	63.0	sk__Bacteria;k__;p__Candidatus_Collierbacteria
125172	15.0	sk__Bacteria;k__;p__Candidatus_Colwellbacteria
228846	5.0	sk__Bacteria;k__;p__Candidatus_Curtissbacteria
207958	1.0	sk__Bacteria;k__;p__Candidatus_Curtissbacteria;c__;o__;f__;g__;s__Candidatus_Curtissbacteria_bacterium_RIFCSPLOWO2_02_FULL_40_11
203612	7.0	sk__Bacteria;k__;p__Candidatus_Daviesbacteria
29945	105.0	sk__Bacteria;k__;p__Candidatus_Falkowbacteria
129585	1.0	sk__Bacteria;k__;p__Candidatus_Falkowbacteria;c__;o__;f__;g__;s__Candidatus_Falkowbacteria_bacterium_GW2011_GWA2_41_14
222105	2.0	sk__Bacteria;k__;p__Candidatus_Gottesmanbacteria
189817	14.0	sk__Bacteria;k__;p__Candidatus_Gracilibacteria
238673	382.0	sk__Bacteria;k__;p__Candidatus_Kaiserbacteria
232025	31.0	sk__Bacteria;k__;p__Candidatus_Kerfeldbacteria
157745	1.0	sk__Bacteria;k__;p__Candidatus_Komeilibacteria
251513	3.0	sk__Bacteria;k__;p__Candidatus_Kuenenbacteria
126775	15.0	sk__Bacteria;k__;p__Candidatus_Levybacteria
55630	3.0	sk__Bacteria;k__;p__Candidatus_Liptonbacteria
151940	28.0	sk__Bacteria;k__;p__Candidatus_Lloydbacteria
147775	4.0	sk__Bacteria;k__;p__Candidatus_Lloydbacteria;c__;o__;f__;g__;s__Candidatus_Lloydbacteria_bacterium_RIFCSPHIGHO2_02_FULL_50_18
17969	2.0	sk__Bacteria;k__;p__Candidatus_Lloydbacteria;c__;o__;f__;g__;s__Candidatus_Lloydbacteria_bacterium_RIFOXYC12_FULL_46_25
137964	62.0	sk__Bacteria;k__;p__Candidatus_Magasanikbacteria
145354	2.0	sk__Bacteria;k__;p__Candidatus_Melainabacteria
33786	3.0	sk__Bacteria;k__;p__Candidatus_Microgenomates
148904	1.0	sk__Bacteria;k__;p__Candidatus_Microgenomates;c__;o__;f__;g__;s__mixed_culture_isolate_koll6
113127	164.0	sk__Bacteria;k__;p__Candidatus_Moranbacteria
26706	573.0	sk__Bacteria;k__;p__Candidatus_Nomurabacteria
62787	1.0	sk__Bacteria;k__;p__Candidatus_Nomurabacteria;c__;o__;f__;g__;s__Candidatus_Nomurabacteria_bacterium_GW2011_GWE1_32_28
251993	1.0	sk__Bacteria;k__;p__Candidatus_Nomurabacteria;c__;o__;f__;g__;s__Candidatus_Nomurabacteria_bacterium_RIFCSPHIGHO2_02_FULL_38_15
240133	14.0	sk__Bacteria;k__;p__Candidatus_Omnitrophica
198824	19.0	sk__Bacteria;k__;p__Candidatus_Omnitrophica;c__;o__;f__;g__Candidatus_Omnitrophus
115658	201.0	sk__Bacteria;k__;p__Candidatus_Pacebacteria
2041	57.0	sk__Bacteria;k__;p__Candidatus_Parcubacteria
27743	2.0	sk__Bacteria;k__;p__Candidatus_Parcubacteria;c__;o__;f__;g__;s__Parcubacteria_bacterium_C7867-005
221529	23.0	sk__Bacteria;k__;p__Candidatus_Peregrinibacteria
23528	9.0	sk__Bacteria;k__;p__Candidatus_Peregrinibacteria;c__Candidatus_Peribacteria
225911	9.0	sk__Bacteria;k__;p__Candidatus_Roizmanbacteria
179028	8.0	sk__Bacteria;k__;p__Candidatus_Saccharibacteria
80131	2.0	sk__Bacteria;k__;p__Candidatus_Saccharibacteria;c__;o__;f__;g__;s__Candidatus_Saccharibacteria_bacterium_GW2011_GWC2_44_17
219206	10.0	sk__Bacteria;k__;p__Candidatus_Saccharibacteria;c__;o__;f__;g__Candidatus_Saccharimonas
265475	99.0	sk__Bacteria;k__;p__Candidatus_Shapirobacteria
208739	15.0	sk__Bacteria;k__;p__Candidatus_Staskawiczbacteria
128920	1.0	sk__Bacteria;k__;p__Candidatus_Terrybacteria
193998	10.0	sk__Bacteria;k__;p__Candidatus_Uhrbacteria
145651	21.0	sk__Bacteria;k__;p__Candidatus_Vogelbacteria
224664	1034.0	sk__Bacteria;k__;p__Candidatus_Woesebacteria
25501	2.0	sk__Bacteria;k__;p__Candidatus_Woesebacteria;c__;o__;f__;g__;s__Candidatus_Woesebacteria_bacterium_RBG_13_46_13
231263	2.0	sk__Bacteria;k__;p__Candidatus_Wolfebacteria
98927	1.0	sk__Bacteria;k__;p__Candidatus_Woykebacteria
100500	24.0	sk__Bacteria;k__;p__Candidatus_Yanofskybacteria
149599	15.0	sk__Bacteria;k__;p__Candidatus_Yonathbacteria
134013	9.0	sk__Bacteria;k__;p__Candidatus_Zambryskibacteria
167311	8.0	sk__Bacteria;k__;p__Chlamydiae
27786	66.0	sk__Bacteria;k__;p__Chlamydiae;c__Chlamydiia
207549	50.0	sk__Bacteria;k__;p__Chlamydiae;c__Chlamydiia;o__Chlamydiales
114598	1.0	sk__Bacteria;k__;p__Chlamydiae;c__Chlamydiia;o__Chlamydiales;f__;g__;s__Chlamydiales_bacterium_CRIB_32
18418	2.0	sk__Bacteria;k__;p__Chlamydiae;c__Chlamydiia;o__Chlamydiales;f__Chlamydiaceae
49520	300.0	sk__Bacteria;k__;p__Chlamydiae;c__Chlamydiia;o__Parachlamydiales
139050	4.0	sk__Bacteria;k__;p__Chlamydiae;c__Chlamydiia;o__Parachlamydiales;f__Criblamydiaceae
94546	150.0	sk__Bacteria;k__;p__Chlamydiae;c__Chlamydiia;o__Parachlamydiales;f__Parachlamydiaceae
44035	23.0	sk__Bacteria;k__;p__Chlamydiae;c__Chlamydiia;o__Parachlamydiales;f__Parachlamydiaceae;g__Candidatus_Protochlamydia
210666	12.0	sk__Bacteria;k__;p__Chlamydiae;c__Chlamydiia;o__Parachlamydiales;f__Parachlamydiaceae;g__Neochlamydia
102766	1.0	sk__Bacteria;k__;p__Chlamydiae;c__Chlamydiia;o__Parachlamydiales;f__Parachlamydiaceae;g__Neochlamydia;s__Neochlamydia_hartmannellae
259204	1.0	sk__Bacteria;k__;p__Chlamydiae;c__Chlamydiia;o__Parachlamydiales;f__Rhabdochlamydiaceae
5565	1.0	sk__Bacteria;k__;p__Chlamydiae;c__Chlamydiia;o__Parachlamydiales;f__Rhabdochlamydiaceae;g__;s__Rhabdochlamydiaceae_bacterium_cvE99
231760	3.0	sk__Bacteria;k__;p__Chlamydiae;c__Chlamydiia;o__Parachlamydiales;f__Rhabdochlamydiaceae;g__Candidatus_Rhabdochlamydia
69774	18.0	sk__Bacteria;k__;p__Chlamydiae;c__Chlamydiia;o__Parachlamydiales;f__Simkaniaceae
106438	1.0	sk__Bacteria;k__;p__Chlorobi
78943	453.0	sk__Bacteria;k__;p__Chloroflexi
25843	224.0	sk__Bacteria;k__;p__Chloroflexi;c__Anaerolineae
156482	4.0	sk__Bacteria;k__;p__Chloroflexi;c__Anaerolineae;o__Anaerolineales
55552	915.0	sk__Bacteria;k__;p__Chloroflexi;c__Anaerolineae;o__Anaerolineales;f__Anaerolineaceae
95204	4.0	sk__Bacteria;k__;p__Chloroflexi;c__Anaerolineae;o__Anaerolineales;f__Anaerolineaceae;g__Anaerolinea
64092	1.0	sk__Bacteria;k__;p__Chloroflexi;c__Anaerolineae;o__Anaerolineales;f__Anaerolineaceae;g__Bellilinea
41800	4.0	sk__Bacteria;k__;p__Chloroflexi;c__Anaerolineae;o__Anaerolineales;f__Anaerolineaceae;g__Flexilinea
56431	14.0	sk__Bacteria;k__;p__Chloroflexi;c__Anaerolineae;o__Anaerolineales;f__Anaerolineaceae;g__Leptolinea
18498	1.0	sk__Bacteria;k__;p__Chloroflexi;c__Anaerolineae;o__Anaerolineales;f__Anaerolineaceae;g__Leptolinea;s__Leptolinea_tardivitalis
122752	1.0	sk__Bacteria;k__;p__Chloroflexi;c__Anaerolineae;o__Anaerolineales;f__Anaerolineaceae;g__Levilinea
41793	150.0	sk__Bacteria;k__;p__Chloroflexi;c__Anaerolineae;o__Anaerolineales;f__Anaerolineaceae;g__Longilinea
159032	2.0	sk__Bacteria;k__;p__Chloroflexi;c__Anaerolineae;o__Anaerolineales;f__Anaerolineaceae;g__Pelolinea
49859	20.0	sk__Bacteria;k__;p__Chloroflexi;c__Ardenticatenia;o__Ardenticatenales;f__Ardenticatenaceae
196664	3.0	sk__Bacteria;k__;p__Chloroflexi;c__Caldilineae;o__Caldilineales
226625	72.0	sk__Bacteria;k__;p__Chloroflexi;c__Caldilineae;o__Caldilineales;f__Caldilineaceae
47074	3.0	sk__Bacteria;k__;p__Chloroflexi;c__Chloroflexia;o__Chloroflexales;f__Oscillochloridaceae;g__Oscillochloris
18614	68.0	sk__Bacteria;k__;p__Chloroflexi;c__Chloroflexia;o__Chloroflexales;f__Roseiflexaceae
197525	11.0	sk__Bacteria;k__;p__Chloroflexi;c__Dehalococcoidia
29714	5.0	sk__Bacteria;k__;p__Chloroflexi;c__Thermomicrobia;o__Thermomicrobiales
157715	122.0	sk__Bacteria;k__;p__Cyanobacteria
196437	1.0	sk__Bacteria;k__;p__Cyanobacteria;c__;o__Nostocales
232896	2.0	sk__Bacteria;k__;p__Cyanobacteria;c__;o__Nostocales;f__Nostocaceae
259720	1.0	sk__Bacteria;k__;p__Cyanobacteria;c__;o__Nostocales;f__Nostocaceae;g__Anabaena;s__Anabaena_sp._MDT14b
265307	2.0	sk__Bacteria;k__;p__Cyanobacteria;c__;o__Oscillatoriales
164214	3.0	sk__Bacteria;k__;p__Cyanobacteria;c__;o__Pleurocapsales
102203	2.0	sk__Bacteria;k__;p__Cyanobacteria;c__;o__Pleurocapsales;f__Hyellaceae
254071	1.0	sk__Bacteria;k__;p__Cyanobacteria;c__;o__Pleurocapsales;f__Hyellaceae;g__Pleurocapsa
227739	205.0	sk__Bacteria;k__;p__Cyanobacteria;c__;o__Synechococcales
29321	33.0	sk__Bacteria;k__;p__Cyanobacteria;c__;o__Synechococcales;f__Synechococcaceae
116634	34.0	sk__Bacteria;k__;p__Cyanobacteria;c__;o__Synechococcales;f__Synechococcaceae;g__Synechococcus
19452	5.0	sk__Bacteria;k__;p__Deinococcus-Thermus;c__Deinococci;o__Deinococcales;f__Deinococcaceae
83972	6.0	sk__Bacteria;k__;p__Elusimicrobia;c__Elusimicrobia
239430	1.0	sk__Bacteria;k__;p__Elusimicrobia;c__Elusimicrobia;o__Elusimicrobiales;f__Elusimicrobiaceae;g__Elusimicrobium
74858	1.0	sk__Bacteria;k__;p__Elusimicrobia;c__Endomicrobia;o__Endomicrobiales;f__Endomicrobiaceae
96775	1.0	sk__Bacteria;k__;p__Fibrobacteres;c__Chitinivibrionia;o__Chitinivibrionales;f__Chitinivibrionaceae
201118	1.0	sk__Bacteria;k__;p__Fibrobacteres;c__Fibrobacteria;o__Fibrobacterales
196588	19.0	sk__Bacteria;k__;p__Fibrobacteres;c__Fibrobacteria;o__Fibrobacterales;f__Fibrobacteraceae
213056	1.0	sk__Bacteria;k__;p__Fibrobacteres;c__Fibrobacteria;o__Fibrobacterales;f__Fibrobacteraceae;g__Fibrobacter
10473	101.0	sk__Bacteria;k__;p__Firmicutes
409	189.0	sk__Bacteria;k__;p__Firmicutes;c__Bacilli
157587	15.0	sk__Bacteria;k__;p__Firmicutes;c__Bacilli;o__Bacillales
174245	9.0	sk__Bacteria;k__;p__Firmicutes;c__Bacilli;o__Bacillales;f__Bacillaceae
124068	1.0	sk__Bacteria;k__;p__Firmicutes;c__Bacilli;o__Bacillales;f__Bacillaceae;g__Bacillus
186273	1.0	sk__Bacteria;k__;p__Firmicutes;c__Bacilli;o__Bacillales;f__Paenibacillaceae
30228	1.0	sk__Bacteria;k__;p__Firmicutes;c__Bacilli;o__Bacillales;f__Paenibacillaceae;g__Brevibacillus
71376	1.0	sk__Bacteria;k__;p__Firmicutes;c__Bacilli;o__Bacillales;f__Planococcaceae
262066	1.0	sk__Bacteria;k__;p__Firmicutes;c__Bacilli;o__Bacillales;f__Planococcaceae;g__Solibacillus
261145	37.0	sk__Bacteria;k__;p__Firmicutes;c__Bacilli;o__Lactobacillales
53343	1.0	sk__Bacteria;k__;p__Firmicutes;c__Bacilli;o__Lactobacillales;f__Aerococcaceae
107926	29.0	sk__Bacteria;k__;p__Firmicutes;c__Bacilli;o__Lactobacillales;f__Carnobacteriaceae
262286	6.0	sk__Bacteria;k__;p__Firmicutes;c__Bacilli;o__Lactobacillales;f__Carnobacteriaceae;g__Carnobacterium
47095	1.0	sk__Bacteria;k__;p__Firmicutes;c__Bacilli;o__Lactobacillales;f__Carnobacteriaceae;g__Jeotgalibaca
236364	3.0	sk__Bacteria;k__;p__Firmicutes;c__Bacilli;o__Lactobacillales;f__Carnobacteriaceae;g__Lacticigenium;s__Lacticigenium_naphtae
71406	6.0	sk__Bacteria;k__;p__Firmicutes;c__Bacilli;o__Lactobacillales;f__Enterococcaceae;g__Enterococcus
36163	1.0	sk__Bacteria;k__;p__Firmicutes;c__Bacilli;o__Lactobacillales;f__Lactobacillaceae
72039	21.0	sk__Bacteria;k__;p__Firmicutes;c__Bacilli;o__Lactobacillales;f__Lactobacillaceae;g__Lactobacillus
133452	1.0	sk__Bacteria;k__;p__Firmicutes;c__Bacilli;o__Lactobacillales;f__Leuconostocaceae
10483	3.0	sk__Bacteria;k__;p__Firmicutes;c__Bacilli;o__Lactobacillales;f__Leuconostocaceae;g__Leuconostoc
140064	9.0	sk__Bacteria;k__;p__Firmicutes;c__Bacilli;o__Lactobacillales;f__Streptococcaceae
95651	11.0	sk__Bacteria;k__;p__Firmicutes;c__Bacilli;o__Lactobacillales;f__Streptococcaceae;g__Lactococcus
117829	44.0	sk__Bacteria;k__;p__Firmicutes;c__Bacilli;o__Lactobacillales;f__Streptococcaceae;g__Streptococcus
219374	39.0	sk__Bacteria;k__;p__Firmicutes;c__Clostridia
254595	1152.0	sk__Bacteria;k__;p__Firmicutes;c__Clostridia;o__Clostridiales
197038	1.0	sk__Bacteria;k__;p__Firmicutes;c__Clostridia;o__Clostridiales;f__;g__;s__Clostridiales_bacterium_42_27
235759	1.0	sk__Bacteria;k__;p__Firmicutes;c__Clostridia;o__Clostridiales;f__;g__;s__Clostridiales_bacterium_canine_oral_taxon_222
97633	2.0	sk__Bacteria;k__;p__Firmicutes;c__Clostridia;o__Clostridiales;f__;g__;s__Clostridiales_bacterium_enrichment_culture_clone_2z-3
83883	2.0	sk__Bacteria;k__;p__Firmicutes;c__Clostridia;o__Clostridiales;f__;g__;s__Clostridiales_bacterium_enrichment_culture_clone_LDC-1
141950	2.0	sk__Bacteria;k__;p__Firmicutes;c__Clostridia;o__Clostridiales;f__;g__Howardella
105464	2.0	sk__Bacteria;k__;p__Firmicutes;c__Clostridia;o__Clostridiales;f__Caldicoprobacteraceae
85197	13.0	sk__Bacteria;k__;p__Firmicutes;c__Clostridia;o__Clostridiales;f__Caldicoprobacteraceae;g__Caldicoprobacter
244444	279.0	sk__Bacteria;k__;p__Firmicutes;c__Clostridia;o__Clostridiales;f__Christensenellaceae
25354	135.0	sk__Bacteria;k__;p__Firmicutes;c__Clostridia;o__Clostridiales;f__Clostridiaceae
72415	1.0	sk__Bacteria;k__;p__Firmicutes;c__Clostridia;o__Clostridiales;f__Clostridiaceae;g__Alkaliphilus
37043	1.0	sk__Bacteria;k__;p__Firmicutes;c__Clostridia;o__Clostridiales;f__Clostridiaceae;g__Anoxynatronum
248188	22.0	sk__Bacteria;k__;p__Firmicutes;c__Clostridia;o__Clostridiales;f__Clostridiaceae;g__Butyricicoccus
38947	13.0	sk__Bacteria;k__;p__Firmicutes;c__Clostridia;o__Clostridiales;f__Clostridiaceae;g__Clostridium
103297	17.0	sk__Bacteria;k__;p__Firmicutes;c__Clostridia;o__Clostridiales;f__Clostridiaceae;g__Falcatimonas;s__Falcatimonas_natans
220405	10.0	sk__Bacteria;k__;p__Firmicutes;c__Clostridia;o__Clostridiales;f__Clostridiaceae;g__Fonticella
24071	79.0	sk__Bacteria;k__;p__Firmicutes;c__Clostridia;o__Clostridiales;f__Clostridiaceae;g__Lutispora
128064	2.0	sk__Bacteria;k__;p__Firmicutes;c__Clostridia;o__Clostridiales;f__Clostridiaceae;g__Oxobacter
209736	2.0	sk__Bacteria;k__;p__Firmicutes;c__Clostridia;o__Clostridiales;f__Clostridiaceae;g__Proteiniclasticum
165982	2.0	sk__Bacteria;k__;p__Firmicutes;c__Clostridia;o__Clostridiales;f__Clostridiaceae;g__Sarcina
228649	1.0	sk__Bacteria;k__;p__Firmicutes;c__Clostridia;o__Clostridiales;f__Clostridiaceae;g__Youngiibacter
100588	47.0	sk__Bacteria;k__;p__Firmicutes;c__Clostridia;o__Clostridiales;f__Clostridiales_Family_XII._Incertae_Sedis
151082	52.0	sk__Bacteria;k__;p__Firmicutes;c__Clostridia;o__Clostridiales;f__Clostridiales_Family_XII._Incertae_Sedis;g__Acidaminobacter
21641	454.0	sk__Bacteria;k__;p__Firmicutes;c__Clostridia;o__Clostridiales;f__Clostridiales_Family_XII._Incertae_Sedis;g__Fusibacter
47590	12.0	sk__Bacteria;k__;p__Firmicutes;c__Clostridia;o__Clostridiales;f__Clostridiales_Family_XII._Incertae_Sedis;g__Guggenheimella
125668	3.0	sk__Bacteria;k__;p__Firmicutes;c__Clostridia;o__Clostridiales;f__Clostridiales_Family_XIII._Incertae_Sedis
138336	172.0	sk__Bacteria;k__;p__Firmicutes;c__Clostridia;o__Clostridiales;f__Clostridiales_Family_XIII._Incertae_Sedis;g__Anaerovorax
30767	1.0	sk__Bacteria;k__;p__Firmicutes;c__Clostridia;o__Clostridiales;f__Clostridiales_Family_XIII._Incertae_Sedis;g__Mogibacterium
138150	3.0	sk__Bacteria;k__;p__Firmicutes;c__Clostridia;o__Clostridiales;f__Defluviitaleaceae
153748	1.0	sk__Bacteria;k__;p__Firmicutes;c__Clostridia;o__Clostridiales;f__Defluviitaleaceae;g__Defluviitalea
108812	5.0	sk__Bacteria;k__;p__Firmicutes;c__Clostridia;o__Clostridiales;f__Eubacteriaceae
216629	20.0	sk__Bacteria;k__;p__Firmicutes;c__Clostridia;o__Clostridiales;f__Eubacteriaceae;g__Acetobacterium
117044	4.0	sk__Bacteria;k__;p__Firmicutes;c__Clostridia;o__Clostridiales;f__Eubacteriaceae;g__Anaerofustis
120445	1.0	sk__Bacteria;k__;p__Firmicutes;c__Clostridia;o__Clostridiales;f__Eubacteriaceae;g__Eubacterium
121654	1.0	sk__Bacteria;k__;p__Firmicutes;c__Clostridia;o__Clostridiales;f__Eubacteriaceae;g__Eubacterium;s__[Eubacterium]_eligens
53990	5.0	sk__Bacteria;k__;p__Firmicutes;c__Clostridia;o__Clostridiales;f__Gracilibacteraceae
212129	3.0	sk__Bacteria;k__;p__Firmicutes;c__Clostridia;o__Clostridiales;f__Gracilibacteraceae;g__Gracilibacter
71581	1301.0	sk__Bacteria;k__;p__Firmicutes;c__Clostridia;o__Clostridiales;f__Lachnospiraceae
81126	47.0	sk__Bacteria;k__;p__Firmicutes;c__Clostridia;o__Clostridiales;f__Lachnospiraceae;g__Agathobacter
30468	27.0	sk__Bacteria;k__;p__Firmicutes;c__Clostridia;o__Clostridiales;f__Lachnospiraceae;g__Anaerostipes
43467	294.0	sk__Bacteria;k__;p__Firmicutes;c__Clostridia;o__Clostridiales;f__Lachnospiraceae;g__Blautia
78249	2.0	sk__Bacteria;k__;p__Firmicutes;c__Clostridia;o__Clostridiales;f__Lachnospiraceae;g__Butyrivibrio
20281	38.0	sk__Bacteria;k__;p__Firmicutes;c__Clostridia;o__Clostridiales;f__Lachnospiraceae;g__Dorea
146715	2.0	sk__Bacteria;k__;p__Firmicutes;c__Clostridia;o__Clostridiales;f__Lachnospiraceae;g__Eisenbergiella
65791	17.0	sk__Bacteria;k__;p__Firmicutes;c__Clostridia;o__Clostridiales;f__Lachnospiraceae;g__Fusicatenibacter
43136	1.0	sk__Bacteria;k__;p__Firmicutes;c__Clostridia;o__Clostridiales;f__Lachnospiraceae;g__Herbinix
42037	95.0	sk__Bacteria;k__;p__Firmicutes;c__Clostridia;o__Clostridiales;f__Lachnospiraceae;g__Lachnoclostridium
43214	52.0	sk__Bacteria;k__;p__Firmicutes;c__Clostridia;o__Clostridiales;f__Lachnospiraceae;g__Lachnospira
235820	9.0	sk__Bacteria;k__;p__Firmicutes;c__Clostridia;o__Clostridiales;f__Lachnospiraceae;g__Marvinbryantia
44188	1.0	sk__Bacteria;k__;p__Firmicutes;c__Clostridia;o__Clostridiales;f__Lachnospiraceae;g__Mobilitalea
106086	2.0	sk__Bacteria;k__;p__Firmicutes;c__Clostridia;o__Clostridiales;f__Lachnospiraceae;g__Moryella
121918	10.0	sk__Bacteria;k__;p__Firmicutes;c__Clostridia;o__Clostridiales;f__Lachnospiraceae;g__Oribacterium
179079	72.0	sk__Bacteria;k__;p__Firmicutes;c__Clostridia;o__Clostridiales;f__Lachnospiraceae;g__Roseburia
197897	1.0	sk__Bacteria;k__;p__Firmicutes;c__Clostridia;o__Clostridiales;f__Lachnospiraceae;g__Roseburia;s__Roseburia_hominis
96708	2.0	sk__Bacteria;k__;p__Firmicutes;c__Clostridia;o__Clostridiales;f__Lachnospiraceae;g__Tyzzerella
140212	2.0	sk__Bacteria;k__;p__Firmicutes;c__Clostridia;o__Clostridiales;f__Oscillospiraceae;g__Oscillibacter
11568	14.0	sk__Bacteria;k__;p__Firmicutes;c__Clostridia;o__Clostridiales;f__Peptococcaceae
240365	4.0	sk__Bacteria;k__;p__Firmicutes;c__Clostridia;o__Clostridiales;f__Peptococcaceae;g__Cryptanaerobacter
250512	3.0	sk__Bacteria;k__;p__Firmicutes;c__Clostridia;o__Clostridiales;f__Peptococcaceae;g__Dehalobacterium
170374	2.0	sk__Bacteria;k__;p__Firmicutes;c__Clostridia;o__Clostridiales;f__Peptococcaceae;g__Desulfosporosinus
136405	1.0	sk__Bacteria;k__;p__Firmicutes;c__Clostridia;o__Clostridiales;f__Peptococcaceae;g__Desulfotomaculum
215044	4.0	sk__Bacteria;k__;p__Firmicutes;c__Clostridia;o__Clostridiales;f__Peptococcaceae;g__Pelotomaculum
44913	54.0	sk__Bacteria;k__;p__Firmicutes;c__Clostridia;o__Clostridiales;f__Peptostreptococcaceae
105633	2.0	sk__Bacteria;k__;p__Firmicutes;c__Clostridia;o__Clostridiales;f__Peptostreptococcaceae;g__Peptoclostridium
109046	1.0	sk__Bacteria;k__;p__Firmicutes;c__Clostridia;o__Clostridiales;f__Peptostreptococcaceae;g__Peptostreptococcus
2421	20.0	sk__Bacteria;k__;p__Firmicutes;c__Clostridia;o__Clostridiales;f__Peptostreptococcaceae;g__Proteocatella
167925	173.0	sk__Bacteria;k__;p__Firmicutes;c__Clostridia;o__Clostridiales;f__Peptostreptococcaceae;g__Romboutsia
128502	1.0	sk__Bacteria;k__;p__Firmicutes;c__Clostridia;o__Clostridiales;f__Peptostreptococcaceae;g__Romboutsia;s__Romboutsia_lituseburensis
190529	4.0	sk__Bacteria;k__;p__Firmicutes;c__Clostridia;o__Clostridiales;f__Peptostreptococcaceae;g__Terrisporobacter
21407	1581.0	sk__Bacteria;k__;p__Firmicutes;c__Clostridia;o__Clostridiales;f__Ruminococcaceae
67328	3.0	sk__Bacteria;k__;p__Firmicutes;c__Clostridia;o__Clostridiales;f__Ruminococcaceae;g__Candidatus_Soleaferrea
190435	3.0	sk__Bacteria;k__;p__Firmicutes;c__Clostridia;o__Clostridiales;f__Ruminococcaceae;g__Caproiciproducens
101011	5.0	sk__Bacteria;k__;p__Firmicutes;c__Clostridia;o__Clostridiales;f__Ruminococcaceae;g__Ercella
57078	453.0	sk__Bacteria;k__;p__Firmicutes;c__Clostridia;o__Clostridiales;f__Ruminococcaceae;g__Faecalibacterium
178253	1.0	sk__Bacteria;k__;p__Firmicutes;c__Clostridia;o__Clostridiales;f__Ruminococcaceae;g__Faecalibacterium;s__Faecalibacterium_prausnitzii
146247	58.0	sk__Bacteria;k__;p__Firmicutes;c__Clostridia;o__Clostridiales;f__Ruminococcaceae;g__Fastidiosipila
93509	4.0	sk__Bacteria;k__;p__Firmicutes;c__Clostridia;o__Clostridiales;f__Ruminococcaceae;g__Fournierella
176042	2.0	sk__Bacteria;k__;p__Firmicutes;c__Clostridia;o__Clostridiales;f__Ruminococcaceae;g__Negativibacillus
223262	1.0	sk__Bacteria;k__;p__Firmicutes;c__Clostridia;o__Clostridiales;f__Ruminococcaceae;g__Oscillospira
109985	2.0	sk__Bacteria;k__;p__Firmicutes;c__Clostridia;o__Clostridiales;f__Ruminococcaceae;g__Papillibacter
123617	1.0	sk__Bacteria;k__;p__Firmicutes;c__Clostridia;o__Clostridiales;f__Ruminococcaceae;g__Phocea
171202	2.0	sk__Bacteria;k__;p__Firmicutes;c__Clostridia;o__Clostridiales;f__Ruminococcaceae;g__Ruminiclostridium
110660	1.0	sk__Bacteria;k__;p__Firmicutes;c__Clostridia;o__Clostridiales;f__Ruminococcaceae;g__Ruminiclostridium;s__[Eubacterium]_siraeum
16349	2.0	sk__Bacteria;k__;p__Firmicutes;c__Clostridia;o__Clostridiales;f__Ruminococcaceae;g__Ruminococcus
114384	1.0	sk__Bacteria;k__;p__Firmicutes;c__Clostridia;o__Clostridiales;f__Ruminococcaceae;g__Ruminococcus;s__Ruminococcus_bromii
140138	2.0	sk__Bacteria;k__;p__Firmicutes;c__Clostridia;o__Clostridiales;f__Ruminococcaceae;g__Ruminococcus;s__Ruminococcus_sp._YE281
5729	69.0	sk__Bacteria;k__;p__Firmicutes;c__Clostridia;o__Clostridiales;f__Ruminococcaceae;g__Saccharofermentans
102515	482.0	sk__Bacteria;k__;p__Firmicutes;c__Clostridia;o__Clostridiales;f__Ruminococcaceae;g__Subdoligranulum
216521	6.0	sk__Bacteria;k__;p__Firmicutes;c__Clostridia;o__Clostridiales;f__Syntrophomonadaceae
152932	4.0	sk__Bacteria;k__;p__Firmicutes;c__Clostridia;o__Clostridiales;f__Syntrophomonadaceae;g__Syntrophomonas
233382	11.0	sk__Bacteria;k__;p__Firmicutes;c__Erysipelotrichia;o__Erysipelotrichales
77393	20.0	sk__Bacteria;k__;p__Firmicutes;c__Erysipelotrichia;o__Erysipelotrichales;f__Erysipelotrichaceae
184279	12.0	sk__Bacteria;k__;p__Firmicutes;c__Erysipelotrichia;o__Erysipelotrichales;f__Erysipelotrichaceae;g__Catenibacterium
215273	1.0	sk__Bacteria;k__;p__Firmicutes;c__Erysipelotrichia;o__Erysipelotrichales;f__Erysipelotrichaceae;g__Catenibacterium;s__Catenibacterium_mitsuokai
131255	18.0	sk__Bacteria;k__;p__Firmicutes;c__Erysipelotrichia;o__Erysipelotrichales;f__Erysipelotrichaceae;g__Erysipelatoclostridium
142871	49.0	sk__Bacteria;k__;p__Firmicutes;c__Erysipelotrichia;o__Erysipelotrichales;f__Erysipelotrichaceae;g__Erysipelothrix
44566	29.0	sk__Bacteria;k__;p__Firmicutes;c__Erysipelotrichia;o__Erysipelotrichales;f__Erysipelotrichaceae;g__Holdemanella
228611	2.0	sk__Bacteria;k__;p__Firmicutes;c__Erysipelotrichia;o__Erysipelotrichales;f__Erysipelotrichaceae;g__Holdemania
187006	7.0	sk__Bacteria;k__;p__Firmicutes;c__Erysipelotrichia;o__Erysipelotrichales;f__Erysipelotrichaceae;g__Turicibacter
245301	4.0	sk__Bacteria;k__;p__Firmicutes;c__Limnochordia;o__Limnochordales;f__Limnochordaceae
127256	38.0	sk__Bacteria;k__;p__Firmicutes;c__Negativicutes
98668	6.0	sk__Bacteria;k__;p__Firmicutes;c__Negativicutes;o__Acidaminococcales
210390	183.0	sk__Bacteria;k__;p__Firmicutes;c__Negativicutes;o__Acidaminococcales;f__Acidaminococcaceae
60695	50.0	sk__Bacteria;k__;p__Firmicutes;c__Negativicutes;o__Acidaminococcales;f__Acidaminococcaceae;g__Acidaminococcus
242610	17.0	sk__Bacteria;k__;p__Firmicutes;c__Negativicutes;o__Acidaminococcales;f__Acidaminococcaceae;g__Phascolarctobacterium
21488	2.0	sk__Bacteria;k__;p__Firmicutes;c__Negativicutes;o__Acidaminococcales;f__Acidaminococcaceae;g__Succiniclasticum
82824	4.0	sk__Bacteria;k__;p__Firmicutes;c__Negativicutes;o__Acidaminococcales;f__Acidaminococcaceae;g__Succinispira
140705	13.0	sk__Bacteria;k__;p__Firmicutes;c__Negativicutes;o__Selenomonadales
35971	106.0	sk__Bacteria;k__;p__Firmicutes;c__Negativicutes;o__Selenomonadales;f__Selenomonadaceae
193861	182.0	sk__Bacteria;k__;p__Firmicutes;c__Negativicutes;o__Selenomonadales;f__Selenomonadaceae;g__Megamonas
44679	9.0	sk__Bacteria;k__;p__Firmicutes;c__Negativicutes;o__Selenomonadales;f__Selenomonadaceae;g__Mitsuokella
203637	65.0	sk__Bacteria;k__;p__Firmicutes;c__Negativicutes;o__Selenomonadales;f__Selenomonadaceae;g__Propionispira
21026	1.0	sk__Bacteria;k__;p__Firmicutes;c__Negativicutes;o__Selenomonadales;f__Selenomonadaceae;g__Selenomonas
238550	3.0	sk__Bacteria;k__;p__Firmicutes;c__Negativicutes;o__Selenomonadales;f__Sporomusaceae
167887	1.0	sk__Bacteria;k__;p__Firmicutes;c__Negativicutes;o__Selenomonadales;f__Sporomusaceae;g__Anaerosinus
208700	10.0	sk__Bacteria;k__;p__Firmicutes;c__Negativicutes;o__Selenomonadales;f__Sporomusaceae;g__Pelosinus
211881	14.0	sk__Bacteria;k__;p__Firmicutes;c__Negativicutes;o__Veillonellales
184191	50.0	sk__Bacteria;k__;p__Firmicutes;c__Negativicutes;o__Veillonellales;f__Veillonellaceae
243353	3.0	sk__Bacteria;k__;p__Firmicutes;c__Negativicutes;o__Veillonellales;f__Veillonellaceae;g__Allisonella
208117	152.0	sk__Bacteria;k__;p__Firmicutes;c__Negativicutes;o__Veillonellales;f__Veillonellaceae;g__Dialister
225355	23.0	sk__Bacteria;k__;p__Firmicutes;c__Negativicutes;o__Veillonellales;f__Veillonellaceae;g__Megasphaera
129188	4.0	sk__Bacteria;k__;p__Firmicutes;c__Negativicutes;o__Veillonellales;f__Veillonellaceae;g__Megasphaera;s__Megasphaera_cerevisiae
113569	15.0	sk__Bacteria;k__;p__Firmicutes;c__Negativicutes;o__Veillonellales;f__Veillonellaceae;g__Veillonella
264212	13.0	sk__Bacteria;k__;p__Firmicutes;c__Tissierellia
156497	26.0	sk__Bacteria;k__;p__Firmicutes;c__Tissierellia;o__;f__;g__Sedimentibacter
261769	1.0	sk__Bacteria;k__;p__Firmicutes;c__Tissierellia;o__Tissierellales;f__Gottschalkiaceae;g__Gottschalkia
85004	1.0	sk__Bacteria;k__;p__Firmicutes;c__Tissierellia;o__Tissierellales;f__Peptoniphilaceae;g__Anaerococcus
113258	19.0	sk__Bacteria;k__;p__Firmicutes;c__Tissierellia;o__Tissierellales;f__Tissierellaceae
132301	76.0	sk__Bacteria;k__;p__Firmicutes;c__Tissierellia;o__Tissierellales;f__Tissierellaceae;g__Tissierella
45494	1.0	sk__Bacteria;k__;p__Fusobacteria;c__Fusobacteriia;o__Fusobacteriales
219840	2.0	sk__Bacteria;k__;p__Fusobacteria;c__Fusobacteriia;o__Fusobacteriales;f__Fusobacteriaceae
136149	10.0	sk__Bacteria;k__;p__Fusobacteria;c__Fusobacteriia;o__Fusobacteriales;f__Fusobacteriaceae;g__Cetobacterium
91820	6.0	sk__Bacteria;k__;p__Fusobacteria;c__Fusobacteriia;o__Fusobacteriales;f__Fusobacteriaceae;g__Fusobacterium
4999	27.0	sk__Bacteria;k__;p__Fusobacteria;c__Fusobacteriia;o__Fusobacteriales;f__Fusobacteriaceae;g__Hypnocyclicus
148065	1.0	sk__Bacteria;k__;p__Fusobacteria;c__Fusobacteriia;o__Fusobacteriales;f__Fusobacteriaceae;g__Propionigenium
225929	5.0	sk__Bacteria;k__;p__Fusobacteria;c__Fusobacteriia;o__Fusobacteriales;f__Leptotrichiaceae
141795	41.0	sk__Bacteria;k__;p__Fusobacteria;c__Fusobacteriia;o__Fusobacteriales;f__Leptotrichiaceae;g__Leptotrichia
148593	2.0	sk__Bacteria;k__;p__Fusobacteria;c__Fusobacteriia;o__Fusobacteriales;f__Leptotrichiaceae;g__Sebaldella
25169	2.0	sk__Bacteria;k__;p__Gemmatimonadetes
62872	5.0	sk__Bacteria;k__;p__Gemmatimonadetes;c__Gemmatimonadetes
53201	23.0	sk__Bacteria;k__;p__Gemmatimonadetes;c__Gemmatimonadetes;o__Gemmatimonadales;f__Gemmatimonadaceae
151009	7.0	sk__Bacteria;k__;p__Gemmatimonadetes;c__Gemmatimonadetes;o__Gemmatimonadales;f__Gemmatimonadaceae;g__Gemmatimonas
221811	1.0	sk__Bacteria;k__;p__Gemmatimonadetes;c__Longimicrobia;o__Longimicrobiales
222854	21.0	sk__Bacteria;k__;p__Ignavibacteriae;c__Ignavibacteria
167065	61.0	sk__Bacteria;k__;p__Kiritimatiellaeota;c__Kiritimatiellae
163890	1.0	sk__Bacteria;k__;p__Kiritimatiellaeota;c__Kiritimatiellae;o__Kiritimatiellales
158251	1.0	sk__Bacteria;k__;p__Lentisphaerae;c__;o__;f__;g__;s__Lentisphaerae_bacterium_GWF2_50_93
232457	17.0	sk__Bacteria;k__;p__Lentisphaerae;c__Lentisphaeria;o__Victivallales
55871	28.0	sk__Bacteria;k__;p__Lentisphaerae;c__Lentisphaeria;o__Victivallales;f__Victivallaceae
99413	5.0	sk__Bacteria;k__;p__Lentisphaerae;c__Lentisphaeria;o__Victivallales;f__Victivallaceae;g__Victivallis
184221	1.0	sk__Bacteria;k__;p__Lentisphaerae;c__Oligosphaeria;o__Oligosphaerales
189417	1.0	sk__Bacteria;k__;p__Nitrospinae
243398	4.0	sk__Bacteria;k__;p__Nitrospirae
69673	35.0	sk__Bacteria;k__;p__Nitrospirae;c__Nitrospira
28602	313.0	sk__Bacteria;k__;p__Planctomycetes
170919	25.0	sk__Bacteria;k__;p__Planctomycetes;c__Phycisphaerae
134697	1.0	sk__Bacteria;k__;p__Planctomycetes;c__Phycisphaerae;o__Phycisphaerales
234685	36.0	sk__Bacteria;k__;p__Planctomycetes;c__Phycisphaerae;o__Phycisphaerales;f__Phycisphaeraceae
238786	1.0	sk__Bacteria;k__;p__Planctomycetes;c__Phycisphaerae;o__Phycisphaerales;f__Phycisphaeraceae;g__Phycisphaera
123994	4.0	sk__Bacteria;k__;p__Planctomycetes;c__Planctomycetia;o__Candidatus_Brocadiales;f__Candidatus_Brocadiaceae;g__Candidatus_Brocadia
17099	1099.0	sk__Bacteria;k__;p__Planctomycetes;c__Planctomycetia;o__Planctomycetales
184040	236.0	sk__Bacteria;k__;p__Planctomycetes;c__Planctomycetia;o__Planctomycetales;f__Gemmataceae
195742	28.0	sk__Bacteria;k__;p__Planctomycetes;c__Planctomycetia;o__Planctomycetales;f__Gemmataceae;g__Fimbriiglobus
264590	32.0	sk__Bacteria;k__;p__Planctomycetes;c__Planctomycetia;o__Planctomycetales;f__Gemmataceae;g__Gemmata
232028	1.0	sk__Bacteria;k__;p__Planctomycetes;c__Planctomycetia;o__Planctomycetales;f__Gemmataceae;g__Telmatocola
6526	23.0	sk__Bacteria;k__;p__Planctomycetes;c__Planctomycetia;o__Planctomycetales;f__Gemmataceae;g__Zavarzinella
142398	9.0	sk__Bacteria;k__;p__Planctomycetes;c__Planctomycetia;o__Planctomycetales;f__Isosphaeraceae
249290	1.0	sk__Bacteria;k__;p__Planctomycetes;c__Planctomycetia;o__Planctomycetales;f__Isosphaeraceae;g__Aquisphaera
133931	1.0	sk__Bacteria;k__;p__Planctomycetes;c__Planctomycetia;o__Planctomycetales;f__Isosphaeraceae;g__Paludisphaera
111068	2.0	sk__Bacteria;k__;p__Planctomycetes;c__Planctomycetia;o__Planctomycetales;f__Isosphaeraceae;g__Paludisphaera;s__Paludisphaera_borealis
40317	10.0	sk__Bacteria;k__;p__Planctomycetes;c__Planctomycetia;o__Planctomycetales;f__Isosphaeraceae;g__Singulisphaera
209843	28.0	sk__Bacteria;k__;p__Planctomycetes;c__Planctomycetia;o__Planctomycetales;f__Planctomycetaceae
170659	1.0	sk__Bacteria;k__;p__Planctomycetes;c__Planctomycetia;o__Planctomycetales;f__Planctomycetaceae;g__Blastopirellula
168997	123.0	sk__Bacteria;k__;p__Planctomycetes;c__Planctomycetia;o__Planctomycetales;f__Planctomycetaceae;g__Pirellula
178637	1.0	sk__Bacteria;k__;p__Planctomycetes;c__Planctomycetia;o__Planctomycetales;f__Planctomycetaceae;g__Planctomicrobium
164975	5.0	sk__Bacteria;k__;p__Planctomycetes;c__Planctomycetia;o__Planctomycetales;f__Planctomycetaceae;g__Planctomyces
21839	1.0	sk__Bacteria;k__;p__Planctomycetes;c__Planctomycetia;o__Planctomycetales;f__Planctomycetaceae;g__Planctopirus
194712	1.0	sk__Bacteria;k__;p__Planctomycetes;c__Planctomycetia;o__Planctomycetales;f__Planctomycetaceae;g__Rhodopirellula
67154	3.0	sk__Bacteria;k__;p__Planctomycetes;c__Planctomycetia;o__Planctomycetales;f__Planctomycetaceae;g__Schlesneria
21282	4918.0	sk__Bacteria;k__;p__Proteobacteria
171064	1891.0	sk__Bacteria;k__;p__Proteobacteria;c__Alphaproteobacteria
124784	1.0	sk__Bacteria;k__;p__Proteobacteria;c__Alphaproteobacteria;o__;f__;g__;s__Alphaproteobacteria_bacterium
29788	1.0	sk__Bacteria;k__;p__Proteobacteria;c__Alphaproteobacteria;o__;f__;g__;s__Alphaproteobacteria_bacterium_RIFCSPHIGHO2_12_42_13
24390	75.0	sk__Bacteria;k__;p__Proteobacteria;c__Alphaproteobacteria;o__;f__;g__Phreatobacter
139866	1.0	sk__Bacteria;k__;p__Proteobacteria;c__Alphaproteobacteria;o__Caulobacterales
70724	230.0	sk__Bacteria;k__;p__Proteobacteria;c__Alphaproteobacteria;o__Caulobacterales;f__Caulobacteraceae
147762	2.0	sk__Bacteria;k__;p__Proteobacteria;c__Alphaproteobacteria;o__Caulobacterales;f__Caulobacteraceae;g__Asticcacaulis
238195	244.0	sk__Bacteria;k__;p__Proteobacteria;c__Alphaproteobacteria;o__Caulobacterales;f__Caulobacteraceae;g__Brevundimonas
69021	79.0	sk__Bacteria;k__;p__Proteobacteria;c__Alphaproteobacteria;o__Caulobacterales;f__Caulobacteraceae;g__Caulobacter
124097	38.0	sk__Bacteria;k__;p__Proteobacteria;c__Alphaproteobacteria;o__Caulobacterales;f__Caulobacteraceae;g__Phenylobacterium
174497	1.0	sk__Bacteria;k__;p__Proteobacteria;c__Alphaproteobacteria;o__Caulobacterales;f__Caulobacteraceae;g__Woodsholea
187144	32.0	sk__Bacteria;k__;p__Proteobacteria;c__Alphaproteobacteria;o__Holosporales
233411	1.0	sk__Bacteria;k__;p__Proteobacteria;c__Alphaproteobacteria;o__Holosporales;f__;g__Candidatus_Nucleicultrix
238885	11.0	sk__Bacteria;k__;p__Proteobacteria;c__Alphaproteobacteria;o__Holosporales;f__Candidatus_Paracaedibacteraceae
155732	1.0	sk__Bacteria;k__;p__Proteobacteria;c__Alphaproteobacteria;o__Holosporales;f__Candidatus_Paracaedibacteraceae;g__Candidatus_Captivus
45624	1.0	sk__Bacteria;k__;p__Proteobacteria;c__Alphaproteobacteria;o__Holosporales;f__Candidatus_Paracaedibacteraceae;g__Candidatus_Finniella
133415	146.0	sk__Bacteria;k__;p__Proteobacteria;c__Alphaproteobacteria;o__Holosporales;f__Candidatus_Paracaedibacteraceae;g__Candidatus_Paracaedibacter
208782	1203.0	sk__Bacteria;k__;p__Proteobacteria;c__Alphaproteobacteria;o__Holosporales;f__Holosporaceae
221057	6.0	sk__Bacteria;k__;p__Proteobacteria;c__Alphaproteobacteria;o__Holosporales;f__Holosporaceae;g__Candidatus_Bealeia
123060	1.0	sk__Bacteria;k__;p__Proteobacteria;c__Alphaproteobacteria;o__Kiloniellales;f__Kiloniellaceae
263117	8.0	sk__Bacteria;k__;p__Proteobacteria;c__Alphaproteobacteria;o__Micropepsales;f__Micropepsaceae
86093	3.0	sk__Bacteria;k__;p__Proteobacteria;c__Alphaproteobacteria;o__Micropepsales;f__Micropepsaceae;g__Rhizomicrobium
58444	4.0	sk__Bacteria;k__;p__Proteobacteria;c__Alphaproteobacteria;o__Parvularculales;f__Parvularculaceae;g__Amphiplicatus
14807	157.0	sk__Bacteria;k__;p__Proteobacteria;c__Alphaproteobacteria;o__Pelagibacterales
57440	1711.0	sk__Bacteria;k__;p__Proteobacteria;c__Alphaproteobacteria;o__Rhizobiales
29863	3.0	sk__Bacteria;k__;p__Proteobacteria;c__Alphaproteobacteria;o__Rhizobiales;f__;g__Bauldia
197720	9.0	sk__Bacteria;k__;p__Proteobacteria;c__Alphaproteobacteria;o__Rhizobiales;f__;g__Nordella
263083	2.0	sk__Bacteria;k__;p__Proteobacteria;c__Alphaproteobacteria;o__Rhizobiales;f__;g__Pseudorhodoplanes
216642	4.0	sk__Bacteria;k__;p__Proteobacteria;c__Alphaproteobacteria;o__Rhizobiales;f__Aurantimonadaceae
120485	1.0	sk__Bacteria;k__;p__Proteobacteria;c__Alphaproteobacteria;o__Rhizobiales;f__Aurantimonadaceae;g__Aureimonas
62755	500.0	sk__Bacteria;k__;p__Proteobacteria;c__Alphaproteobacteria;o__Rhizobiales;f__Beijerinckiaceae
16471	1.0	sk__Bacteria;k__;p__Proteobacteria;c__Alphaproteobacteria;o__Rhizobiales;f__Beijerinckiaceae;g__Methylocella
132326	665.0	sk__Bacteria;k__;p__Proteobacteria;c__Alphaproteobacteria;o__Rhizobiales;f__Beijerinckiaceae;g__Methylorosula
5206	1.0	sk__Bacteria;k__;p__Proteobacteria;c__Alphaproteobacteria;o__Rhizobiales;f__Beijerinckiaceae;g__Methylovirgula
231580	4.0	sk__Bacteria;k__;p__Proteobacteria;c__Alphaproteobacteria;o__Rhizobiales;f__Beijerinckiaceae;g__Pseudochelatococcus
199426	269.0	sk__Bacteria;k__;p__Proteobacteria;c__Alphaproteobacteria;o__Rhizobiales;f__Bradyrhizobiaceae
125661	1.0	sk__Bacteria;k__;p__Proteobacteria;c__Alphaproteobacteria;o__Rhizobiales;f__Bradyrhizobiaceae;g__Afipia
222772	1.0	sk__Bacteria;k__;p__Proteobacteria;c__Alphaproteobacteria;o__Rhizobiales;f__Bradyrhizobiaceae;g__Bosea
1202	7.0	sk__Bacteria;k__;p__Proteobacteria;c__Alphaproteobacteria;o__Rhizobiales;f__Bradyrhizobiaceae;g__Bradyrhizobium
94030	11.0	sk__Bacteria;k__;p__Proteobacteria;c__Alphaproteobacteria;o__Rhizobiales;f__Brucellaceae
46506	3.0	sk__Bacteria;k__;p__Proteobacteria;c__Alphaproteobacteria;o__Rhizobiales;f__Chelatococcaceae
108733	9.0	sk__Bacteria;k__;p__Proteobacteria;c__Alphaproteobacteria;o__Rhizobiales;f__Chelatococcaceae;g__Camelimonas
125002	3.0	sk__Bacteria;k__;p__Proteobacteria;c__Alphaproteobacteria;o__Rhizobiales;f__Chelatococcaceae;g__Chelatococcus
264947	313.0	sk__Bacteria;k__;p__Proteobacteria;c__Alphaproteobacteria;o__Rhizobiales;f__Hyphomicrobiaceae
189527	201.0	sk__Bacteria;k__;p__Proteobacteria;c__Alphaproteobacteria;o__Rhizobiales;f__Hyphomicrobiaceae;g__Devosia
175420	196.0	sk__Bacteria;k__;p__Proteobacteria;c__Alphaproteobacteria;o__Rhizobiales;f__Hyphomicrobiaceae;g__Hyphomicrobium
77459	17.0	sk__Bacteria;k__;p__Proteobacteria;c__Alphaproteobacteria;o__Rhizobiales;f__Hyphomicrobiaceae;g__Pedomicrobium
61340	4.0	sk__Bacteria;k__;p__Proteobacteria;c__Alphaproteobacteria;o__Rhizobiales;f__Hyphomicrobiaceae;g__Rhodoplanes
73737	35.0	sk__Bacteria;k__;p__Proteobacteria;c__Alphaproteobacteria;o__Rhizobiales;f__Methylobacteriaceae;g__Methylobacterium
183119	2.0	sk__Bacteria;k__;p__Proteobacteria;c__Alphaproteobacteria;o__Rhizobiales;f__Methylobacteriaceae;g__Microvirga
230829	7.0	sk__Bacteria;k__;p__Proteobacteria;c__Alphaproteobacteria;o__Rhizobiales;f__Methylocystaceae
251311	1.0	sk__Bacteria;k__;p__Proteobacteria;c__Alphaproteobacteria;o__Rhizobiales;f__Methylocystaceae;g__Pleomorphomonas
66728	81.0	sk__Bacteria;k__;p__Proteobacteria;c__Alphaproteobacteria;o__Rhizobiales;f__Phyllobacteriaceae
115945	742.0	sk__Bacteria;k__;p__Proteobacteria;c__Alphaproteobacteria;o__Rhizobiales;f__Rhizobiaceae
39975	1.0	sk__Bacteria;k__;p__Proteobacteria;c__Alphaproteobacteria;o__Rhizobiales;f__Rhizobiaceae;g__Kaistia
184673	2.0	sk__Bacteria;k__;p__Proteobacteria;c__Alphaproteobacteria;o__Rhizobiales;f__Rhodobiaceae;g__Parvibaculum
69335	113.0	sk__Bacteria;k__;p__Proteobacteria;c__Alphaproteobacteria;o__Rhizobiales;f__Xanthobacteraceae
18866	1.0	sk__Bacteria;k__;p__Proteobacteria;c__Alphaproteobacteria;o__Rhizobiales;f__Xanthobacteraceae;g__Ancylobacter
161338	1.0	sk__Bacteria;k__;p__Proteobacteria;c__Alphaproteobacteria;o__Rhizobiales;f__Xanthobacteraceae;g__Azorhizobium
200752	9.0	sk__Bacteria;k__;p__Proteobacteria;c__Alphaproteobacteria;o__Rhizobiales;f__Xanthobacteraceae;g__Labrys
18424	9.0	sk__Bacteria;k__;p__Proteobacteria;c__Alphaproteobacteria;o__Rhizobiales;f__Xanthobacteraceae;g__Pseudolabrys
170299	2.0	sk__Bacteria;k__;p__Proteobacteria;c__Alphaproteobacteria;o__Rhizobiales;f__Xanthobacteraceae;g__Pseudoxanthobacter
182368	19.0	sk__Bacteria;k__;p__Proteobacteria;c__Alphaproteobacteria;o__Rhizobiales;f__Xanthobacteraceae;g__Xanthobacter
191749	175.0	sk__Bacteria;k__;p__Proteobacteria;c__Alphaproteobacteria;o__Rhodobacterales
242803	66.0	sk__Bacteria;k__;p__Proteobacteria;c__Alphaproteobacteria;o__Rhodobacterales;f__Hyphomonadaceae
12848	325.0	sk__Bacteria;k__;p__Proteobacteria;c__Alphaproteobacteria;o__Rhodobacterales;f__Hyphomonadaceae;g__Hirschia
133193	29.0	sk__Bacteria;k__;p__Proteobacteria;c__Alphaproteobacteria;o__Rhodobacterales;f__Hyphomonadaceae;g__Hyphomonas
206672	12411.0	sk__Bacteria;k__;p__Proteobacteria;c__Alphaproteobacteria;o__Rhodobacterales;f__Rhodobacteraceae
30776	1.0	sk__Bacteria;k__;p__Proteobacteria;c__Alphaproteobacteria;o__Rhodobacterales;f__Rhodobacteraceae;g__Albidovulum
115580	14.0	sk__Bacteria;k__;p__Proteobacteria;c__Alphaproteobacteria;o__Rhodobacterales;f__Rhodobacteraceae;g__Amaricoccus
90569	71.0	sk__Bacteria;k__;p__Proteobacteria;c__Alphaproteobacteria;o__Rhodobacterales;f__Rhodobacteraceae;g__Defluviimonas
81097	13.0	sk__Bacteria;k__;p__Proteobacteria;c__Alphaproteobacteria;o__Rhodobacterales;f__Rhodobacteraceae;g__Falsirhodobacter
196646	3.0	sk__Bacteria;k__;p__Proteobacteria;c__Alphaproteobacteria;o__Rhodobacterales;f__Rhodobacteraceae;g__Haematobacter
18560	2.0	sk__Bacteria;k__;p__Proteobacteria;c__Alphaproteobacteria;o__Rhodobacterales;f__Rhodobacteraceae;g__Ketogulonicigenium
212820	4.0	sk__Bacteria;k__;p__Proteobacteria;c__Alphaproteobacteria;o__Rhodobacterales;f__Rhodobacteraceae;g__Paenirhodobacter
26971	126.0	sk__Bacteria;k__;p__Proteobacteria;c__Alphaproteobacteria;o__Rhodobacterales;f__Rhodobacteraceae;g__Paracoccus
164562	1.0	sk__Bacteria;k__;p__Proteobacteria;c__Alphaproteobacteria;o__Rhodobacterales;f__Rhodobacteraceae;g__Pseudorhodobacter
216179	557.0	sk__Bacteria;k__;p__Proteobacteria;c__Alphaproteobacteria;o__Rhodobacterales;f__Rhodobacteraceae;g__Rhodobacter
19667	1.0	sk__Bacteria;k__;p__Proteobacteria;c__Alphaproteobacteria;o__Rhodobacterales;f__Rhodobacteraceae;g__Rubellimicrobium
180233	1.0	sk__Bacteria;k__;p__Proteobacteria;c__Alphaproteobacteria;o__Rhodobacterales;f__Rhodobacteraceae;g__Sediminimonas
8011	3.0	sk__Bacteria;k__;p__Proteobacteria;c__Alphaproteobacteria;o__Rhodobacterales;f__Rhodobacteraceae;g__Tabrizicola
230004	1.0	sk__Bacteria;k__;p__Proteobacteria;c__Alphaproteobacteria;o__Rhodobacterales;f__Rhodobacteraceae;g__Tropicimonas
58120	81.0	sk__Bacteria;k__;p__Proteobacteria;c__Alphaproteobacteria;o__Rhodospirillales
48076	82.0	sk__Bacteria;k__;p__Proteobacteria;c__Alphaproteobacteria;o__Rhodospirillales;f__;g__Reyranella
27086	113.0	sk__Bacteria;k__;p__Proteobacteria;c__Alphaproteobacteria;o__Rhodospirillales;f__Acetobacteraceae
174126	17.0	sk__Bacteria;k__;p__Proteobacteria;c__Alphaproteobacteria;o__Rhodospirillales;f__Acetobacteraceae;g__Rhodovastum
190981	67.0	sk__Bacteria;k__;p__Proteobacteria;c__Alphaproteobacteria;o__Rhodospirillales;f__Acetobacteraceae;g__Roseomonas
161566	12.0	sk__Bacteria;k__;p__Proteobacteria;c__Alphaproteobacteria;o__Rhodospirillales;f__Acetobacteraceae;g__Stella
231392	1.0	sk__Bacteria;k__;p__Proteobacteria;c__Alphaproteobacteria;o__Rhodospirillales;f__Geminicoccaceae;g__Candidatus_Alysiosphaera
67192	25.0	sk__Bacteria;k__;p__Proteobacteria;c__Alphaproteobacteria;o__Rhodospirillales;f__Rhodospirillaceae
128229	1.0	sk__Bacteria;k__;p__Proteobacteria;c__Alphaproteobacteria;o__Rhodospirillales;f__Rhodospirillaceae;g__Azospirillum
62046	5.0	sk__Bacteria;k__;p__Proteobacteria;c__Alphaproteobacteria;o__Rhodospirillales;f__Rhodospirillaceae;g__Defluviicoccus
229482	4.0	sk__Bacteria;k__;p__Proteobacteria;c__Alphaproteobacteria;o__Rhodospirillales;f__Rhodospirillaceae;g__Dongia
172648	4.0	sk__Bacteria;k__;p__Proteobacteria;c__Alphaproteobacteria;o__Rhodospirillales;f__Rhodospirillaceae;g__Elstera
133275	1.0	sk__Bacteria;k__;p__Proteobacteria;c__Alphaproteobacteria;o__Rhodospirillales;f__Rhodospirillaceae;g__Lacibacterium
94409	1.0	sk__Bacteria;k__;p__Proteobacteria;c__Alphaproteobacteria;o__Rhodospirillales;f__Rhodospirillaceae;g__Lacibacterium;s__Lacibacterium_aquatile
141568	1.0	sk__Bacteria;k__;p__Proteobacteria;c__Alphaproteobacteria;o__Rhodospirillales;f__Rhodospirillaceae;g__Novispirillum
262248	1.0	sk__Bacteria;k__;p__Proteobacteria;c__Alphaproteobacteria;o__Rhodospirillales;f__Rhodospirillaceae;g__Taonella
21774	2.0	sk__Bacteria;k__;p__Proteobacteria;c__Alphaproteobacteria;o__Rhodospirillales;f__Rhodospirillaceae;g__Telmatospirillum
174794	131.0	sk__Bacteria;k__;p__Proteobacteria;c__Alphaproteobacteria;o__Rickettsiales
257002	1.0	sk__Bacteria;k__;p__Proteobacteria;c__Alphaproteobacteria;o__Rickettsiales;f__;g__Candidatus_Intestinusbacter;s__Candidatus_Intestinusbacter_nucleariae
231803	1.0	sk__Bacteria;k__;p__Proteobacteria;c__Alphaproteobacteria;o__Rickettsiales;f__Anaplasmataceae;g__Candidatus_Xenohaliotis
3825	3.0	sk__Bacteria;k__;p__Proteobacteria;c__Alphaproteobacteria;o__Rickettsiales;f__Candidatus_Midichloriaceae
231451	3.0	sk__Bacteria;k__;p__Proteobacteria;c__Alphaproteobacteria;o__Rickettsiales;f__Candidatus_Midichloriaceae;g__Candidatus_Jidaibacter
10583	114.0	sk__Bacteria;k__;p__Proteobacteria;c__Alphaproteobacteria;o__Rickettsiales;f__Rickettsiaceae
146804	45.0	sk__Bacteria;k__;p__Proteobacteria;c__Alphaproteobacteria;o__Rickettsiales;f__Rickettsiaceae;g__Candidatus_Megaira
207714	3.0	sk__Bacteria;k__;p__Proteobacteria;c__Alphaproteobacteria;o__Rickettsiales;f__Rickettsiaceae;g__Candidatus_Trichorickettsia;s__Candidatus_Trichorickettsia_mobilis
166092	7.0	sk__Bacteria;k__;p__Proteobacteria;c__Alphaproteobacteria;o__Rickettsiales;f__Rickettsiaceae;g__Rickettsia
131147	1.0	sk__Bacteria;k__;p__Proteobacteria;c__Alphaproteobacteria;o__Sneathiellales;f__Sneathiellaceae
60778	1088.0	sk__Bacteria;k__;p__Proteobacteria;c__Alphaproteobacteria;o__Sphingomonadales
214696	13.0	sk__Bacteria;k__;p__Proteobacteria;c__Alphaproteobacteria;o__Sphingomonadales;f__Erythrobacteraceae
118126	7.0	sk__Bacteria;k__;p__Proteobacteria;c__Alphaproteobacteria;o__Sphingomonadales;f__Erythrobacteraceae;g__Altererythrobacter
147938	1.0	sk__Bacteria;k__;p__Proteobacteria;c__Alphaproteobacteria;o__Sphingomonadales;f__Erythrobacteraceae;g__Erythrobacter;s__Erythrobacter_sp._CAR-8007
92333	1566.0	sk__Bacteria;k__;p__Proteobacteria;c__Alphaproteobacteria;o__Sphingomonadales;f__Sphingomonadaceae
116803	81.0	sk__Bacteria;k__;p__Proteobacteria;c__Alphaproteobacteria;o__Sphingomonadales;f__Sphingomonadaceae;g__Novosphingobium
107635	15.0	sk__Bacteria;k__;p__Proteobacteria;c__Alphaproteobacteria;o__Sphingomonadales;f__Sphingomonadaceae;g__Polymorphobacter
57193	1.0	sk__Bacteria;k__;p__Proteobacteria;c__Alphaproteobacteria;o__Sphingomonadales;f__Sphingomonadaceae;g__Rhizorhapis
203981	1.0	sk__Bacteria;k__;p__Proteobacteria;c__Alphaproteobacteria;o__Sphingomonadales;f__Sphingomonadaceae;g__Sandaracinobacter
106352	57.0	sk__Bacteria;k__;p__Proteobacteria;c__Alphaproteobacteria;o__Sphingomonadales;f__Sphingomonadaceae;g__Sandarakinorhabdus
238165	8.0	sk__Bacteria;k__;p__Proteobacteria;c__Alphaproteobacteria;o__Sphingomonadales;f__Sphingomonadaceae;g__Sphingobium
195764	30.0	sk__Bacteria;k__;p__Proteobacteria;c__Alphaproteobacteria;o__Sphingomonadales;f__Sphingomonadaceae;g__Sphingomonas
263882	3.0	sk__Bacteria;k__;p__Proteobacteria;c__Alphaproteobacteria;o__Sphingomonadales;f__Sphingomonadaceae;g__Sphingopyxis
243566	5.0	sk__Bacteria;k__;p__Proteobacteria;c__Alphaproteobacteria;o__Sphingomonadales;f__Sphingomonadaceae;g__Sphingorhabdus
86908	7260.0	sk__Bacteria;k__;p__Proteobacteria;c__Betaproteobacteria
212894	1.0	sk__Bacteria;k__;p__Proteobacteria;c__Betaproteobacteria;o__;f__;g__;s__Betaproteobacteria_bacterium_LSUCC0110
212223	1.0	sk__Bacteria;k__;p__Proteobacteria;c__Betaproteobacteria;o__;f__;g__;s__beta_proteobacterium_INBAF015
12984	1.0	sk__Bacteria;k__;p__Proteobacteria;c__Betaproteobacteria;o__;f__;g__;s__beta_proteobacterium_pACH94
205344	12.0	sk__Bacteria;k__;p__Proteobacteria;c__Betaproteobacteria;o__;f__;g__Candidatus_Accumulibacter
21791	1.0	sk__Bacteria;k__;p__Proteobacteria;c__Betaproteobacteria;o__;f__;g__Chitinivorax
110339	14050.0	sk__Bacteria;k__;p__Proteobacteria;c__Betaproteobacteria;o__Burkholderiales
39040	6.0	sk__Bacteria;k__;p__Proteobacteria;c__Betaproteobacteria;o__Burkholderiales;f__;g__;s__Burkholderiales_bacterium_Beta_02
151999	1.0	sk__Bacteria;k__;p__Proteobacteria;c__Betaproteobacteria;o__Burkholderiales;f__;g__;s__Burkholderiales_bacterium_X4
70369	16.0	sk__Bacteria;k__;p__Proteobacteria;c__Betaproteobacteria;o__Burkholderiales;f__;g__Aquabacterium
151104	2.0	sk__Bacteria;k__;p__Proteobacteria;c__Betaproteobacteria;o__Burkholderiales;f__;g__Leptothrix
69540	6.0	sk__Bacteria;k__;p__Proteobacteria;c__Betaproteobacteria;o__Burkholderiales;f__;g__Methylibium
26029	1.0	sk__Bacteria;k__;p__Proteobacteria;c__Betaproteobacteria;o__Burkholderiales;f__;g__Piscinibacter
55654	32.0	sk__Bacteria;k__;p__Proteobacteria;c__Betaproteobacteria;o__Burkholderiales;f__;g__Rhizobacter
64590	2.0	sk__Bacteria;k__;p__Proteobacteria;c__Betaproteobacteria;o__Burkholderiales;f__;g__Sphaerotilus
82855	16.0	sk__Bacteria;k__;p__Proteobacteria;c__Betaproteobacteria;o__Burkholderiales;f__Alcaligenaceae
142021	1.0	sk__Bacteria;k__;p__Proteobacteria;c__Betaproteobacteria;o__Burkholderiales;f__Alcaligenaceae;g__;s__Alcaligenaceae_bacterium_KACHI19
223828	1.0	sk__Bacteria;k__;p__Proteobacteria;c__Betaproteobacteria;o__Burkholderiales;f__Alcaligenaceae;g__Alcaligenes
11559	1.0	sk__Bacteria;k__;p__Proteobacteria;c__Betaproteobacteria;o__Burkholderiales;f__Alcaligenaceae;g__Bordetella
223259	1.0	sk__Bacteria;k__;p__Proteobacteria;c__Betaproteobacteria;o__Burkholderiales;f__Alcaligenaceae;g__Castellaniella
43266	1.0	sk__Bacteria;k__;p__Proteobacteria;c__Betaproteobacteria;o__Burkholderiales;f__Alcaligenaceae;g__Kerstersia
96334	3.0	sk__Bacteria;k__;p__Proteobacteria;c__Betaproteobacteria;o__Burkholderiales;f__Alcaligenaceae;g__Oligella
127344	892.0	sk__Bacteria;k__;p__Proteobacteria;c__Betaproteobacteria;o__Burkholderiales;f__Burkholderiaceae
245851	1.0	sk__Bacteria;k__;p__Proteobacteria;c__Betaproteobacteria;o__Burkholderiales;f__Burkholderiaceae;g__Burkholderia
55510	64.0	sk__Bacteria;k__;p__Proteobacteria;c__Betaproteobacteria;o__Burkholderiales;f__Burkholderiaceae;g__Lautropia
220488	2.0	sk__Bacteria;k__;p__Proteobacteria;c__Betaproteobacteria;o__Burkholderiales;f__Burkholderiaceae;g__Limnobacter
168039	2.0	sk__Bacteria;k__;p__Proteobacteria;c__Betaproteobacteria;o__Burkholderiales;f__Burkholderiaceae;g__Paraburkholderia
180130	601.0	sk__Bacteria;k__;p__Proteobacteria;c__Betaproteobacteria;o__Burkholderiales;f__Burkholderiaceae;g__Polynucleobacter
216778	1.0	sk__Bacteria;k__;p__Proteobacteria;c__Betaproteobacteria;o__Burkholderiales;f__Burkholderiaceae;g__Ralstonia
105254	5202.0	sk__Bacteria;k__;p__Proteobacteria;c__Betaproteobacteria;o__Burkholderiales;f__Comamonadaceae
203179	58.0	sk__Bacteria;k__;p__Proteobacteria;c__Betaproteobacteria;o__Burkholderiales;f__Comamonadaceae;g__Acidovorax
242011	5.0	sk__Bacteria;k__;p__Proteobacteria;c__Betaproteobacteria;o__Burkholderiales;f__Comamonadaceae;g__Alicycliphilus
221116	10.0	sk__Bacteria;k__;p__Proteobacteria;c__Betaproteobacteria;o__Burkholderiales;f__Comamonadaceae;g__Caenimonas
180025	23.0	sk__Bacteria;k__;p__Proteobacteria;c__Betaproteobacteria;o__Burkholderiales;f__Comamonadaceae;g__Candidatus_Symbiobacter
232970	92.0	sk__Bacteria;k__;p__Proteobacteria;c__Betaproteobacteria;o__Burkholderiales;f__Comamonadaceae;g__Comamonas
136744	1.0	sk__Bacteria;k__;p__Proteobacteria;c__Betaproteobacteria;o__Burkholderiales;f__Comamonadaceae;g__Comamonas;s__Comamonas_aquatica
29450	32.0	sk__Bacteria;k__;p__Proteobacteria;c__Betaproteobacteria;o__Burkholderiales;f__Comamonadaceae;g__Curvibacter
158021	1.0	sk__Bacteria;k__;p__Proteobacteria;c__Betaproteobacteria;o__Burkholderiales;f__Comamonadaceae;g__Delftia
202173	13.0	sk__Bacteria;k__;p__Proteobacteria;c__Betaproteobacteria;o__Burkholderiales;f__Comamonadaceae;g__Diaphorobacter
77801	16.0	sk__Bacteria;k__;p__Proteobacteria;c__Betaproteobacteria;o__Burkholderiales;f__Comamonadaceae;g__Giesbergeria
129576	4.0	sk__Bacteria;k__;p__Proteobacteria;c__Betaproteobacteria;o__Burkholderiales;f__Comamonadaceae;g__Giesbergeria;s__Giesbergeria_kuznetsovii
59464	141.0	sk__Bacteria;k__;p__Proteobacteria;c__Betaproteobacteria;o__Burkholderiales;f__Comamonadaceae;g__Hydrogenophaga
193717	4.0	sk__Bacteria;k__;p__Proteobacteria;c__Betaproteobacteria;o__Burkholderiales;f__Comamonadaceae;g__Hylemonella
42166	1.0	sk__Bacteria;k__;p__Proteobacteria;c__Betaproteobacteria;o__Burkholderiales;f__Comamonadaceae;g__Hylemonella;s__Hylemonella_gracilis
46579	1678.0	sk__Bacteria;k__;p__Proteobacteria;c__Betaproteobacteria;o__Burkholderiales;f__Comamonadaceae;g__Limnohabitans
247995	1.0	sk__Bacteria;k__;p__Proteobacteria;c__Betaproteobacteria;o__Burkholderiales;f__Comamonadaceae;g__Limnohabitans;s__Limnohabitans_sp._SP3
108131	2.0	sk__Bacteria;k__;p__Proteobacteria;c__Betaproteobacteria;o__Burkholderiales;f__Comamonadaceae;g__Malikia
180404	6.0	sk__Bacteria;k__;p__Proteobacteria;c__Betaproteobacteria;o__Burkholderiales;f__Comamonadaceae;g__Ottowia
265138	6.0	sk__Bacteria;k__;p__Proteobacteria;c__Betaproteobacteria;o__Burkholderiales;f__Comamonadaceae;g__Pelomonas
188667	131.0	sk__Bacteria;k__;p__Proteobacteria;c__Betaproteobacteria;o__Burkholderiales;f__Comamonadaceae;g__Polaromonas
244906	47.0	sk__Bacteria;k__;p__Proteobacteria;c__Betaproteobacteria;o__Burkholderiales;f__Comamonadaceae;g__Ramlibacter
226059	483.0	sk__Bacteria;k__;p__Proteobacteria;c__Betaproteobacteria;o__Burkholderiales;f__Comamonadaceae;g__Rhodoferax
223197	3.0	sk__Bacteria;k__;p__Proteobacteria;c__Betaproteobacteria;o__Burkholderiales;f__Comamonadaceae;g__Simplicispira
2246	1.0	sk__Bacteria;k__;p__Proteobacteria;c__Betaproteobacteria;o__Burkholderiales;f__Comamonadaceae;g__Tibeticola
161899	1.0	sk__Bacteria;k__;p__Proteobacteria;c__Betaproteobacteria;o__Burkholderiales;f__Comamonadaceae;g__Variovorax
190762	3404.0	sk__Bacteria;k__;p__Proteobacteria;c__Betaproteobacteria;o__Burkholderiales;f__Oxalobacteraceae
262375	4.0	sk__Bacteria;k__;p__Proteobacteria;c__Betaproteobacteria;o__Burkholderiales;f__Oxalobacteraceae;g__Duganella
96654	1.0	sk__Bacteria;k__;p__Proteobacteria;c__Betaproteobacteria;o__Burkholderiales;f__Oxalobacteraceae;g__Herbaspirillum;s__Herbaspirillum_sp._shQ-4
106050	2.0	sk__Bacteria;k__;p__Proteobacteria;c__Betaproteobacteria;o__Burkholderiales;f__Oxalobacteraceae;g__Herminiimonas
224133	10.0	sk__Bacteria;k__;p__Proteobacteria;c__Betaproteobacteria;o__Burkholderiales;f__Oxalobacteraceae;g__Massilia
103704	25.0	sk__Bacteria;k__;p__Proteobacteria;c__Betaproteobacteria;o__Burkholderiales;f__Oxalobacteraceae;g__Undibacterium
199366	1.0	sk__Bacteria;k__;p__Proteobacteria;c__Betaproteobacteria;o__Burkholderiales;f__Oxalobacteraceae;g__Undibacterium;s__Undibacterium_parvum
140152	12.0	sk__Bacteria;k__;p__Proteobacteria;c__Betaproteobacteria;o__Burkholderiales;f__Sutterellaceae
149708	23.0	sk__Bacteria;k__;p__Proteobacteria;c__Betaproteobacteria;o__Burkholderiales;f__Sutterellaceae;g__Parasutterella
170114	11.0	sk__Bacteria;k__;p__Proteobacteria;c__Betaproteobacteria;o__Burkholderiales;f__Sutterellaceae;g__Sutterella
25552	1.0	sk__Bacteria;k__;p__Proteobacteria;c__Betaproteobacteria;o__Ferritrophicales;f__Ferritrophicaceae;g__Ferritrophicum
128844	1230.0	sk__Bacteria;k__;p__Proteobacteria;c__Betaproteobacteria;o__Neisseriales
254689	15.0	sk__Bacteria;k__;p__Proteobacteria;c__Betaproteobacteria;o__Neisseriales;f__Chromobacteriaceae
135751	7.0	sk__Bacteria;k__;p__Proteobacteria;c__Betaproteobacteria;o__Neisseriales;f__Chromobacteriaceae;g__Aquaspirillum
244739	2.0	sk__Bacteria;k__;p__Proteobacteria;c__Betaproteobacteria;o__Neisseriales;f__Chromobacteriaceae;g__Aquaspirillum;s__Aquaspirillum_putridiconchylium
113186	11.0	sk__Bacteria;k__;p__Proteobacteria;c__Betaproteobacteria;o__Neisseriales;f__Chromobacteriaceae;g__Deefgea
190957	4.0	sk__Bacteria;k__;p__Proteobacteria;c__Betaproteobacteria;o__Neisseriales;f__Chromobacteriaceae;g__Formivibrio
144894	1.0	sk__Bacteria;k__;p__Proteobacteria;c__Betaproteobacteria;o__Neisseriales;f__Chromobacteriaceae;g__Formivibrio;s__Formivibrio_citricus
93904	2.0	sk__Bacteria;k__;p__Proteobacteria;c__Betaproteobacteria;o__Neisseriales;f__Chromobacteriaceae;g__Laribacter
77015	1.0	sk__Bacteria;k__;p__Proteobacteria;c__Betaproteobacteria;o__Neisseriales;f__Chromobacteriaceae;g__Microvirgula
144455	20760.0	sk__Bacteria;k__;p__Proteobacteria;c__Betaproteobacteria;o__Neisseriales;f__Neisseriaceae
196174	4.0	sk__Bacteria;k__;p__Proteobacteria;c__Betaproteobacteria;o__Neisseriales;f__Neisseriaceae;g__Neisseria
73303	21.0	sk__Bacteria;k__;p__Proteobacteria;c__Betaproteobacteria;o__Neisseriales;f__Neisseriaceae;g__Rivicola
218381	20.0	sk__Bacteria;k__;p__Proteobacteria;c__Betaproteobacteria;o__Neisseriales;f__Neisseriaceae;g__Vitreoscilla
187492	536.0	sk__Bacteria;k__;p__Proteobacteria;c__Betaproteobacteria;o__Nitrosomonadales
24165	47.0	sk__Bacteria;k__;p__Proteobacteria;c__Betaproteobacteria;o__Nitrosomonadales;f__Gallionellaceae
9024	60.0	sk__Bacteria;k__;p__Proteobacteria;c__Betaproteobacteria;o__Nitrosomonadales;f__Gallionellaceae;g__Candidatus_Nitrotoga
105588	1.0	sk__Bacteria;k__;p__Proteobacteria;c__Betaproteobacteria;o__Nitrosomonadales;f__Gallionellaceae;g__Candidatus_Nitrotoga;s__Candidatus_Nitrotoga_arctica
244177	11.0	sk__Bacteria;k__;p__Proteobacteria;c__Betaproteobacteria;o__Nitrosomonadales;f__Gallionellaceae;g__Gallionella
233038	4.0	sk__Bacteria;k__;p__Proteobacteria;c__Betaproteobacteria;o__Nitrosomonadales;f__Gallionellaceae;g__Sideroxydans
111716	2.0	sk__Bacteria;k__;p__Proteobacteria;c__Betaproteobacteria;o__Nitrosomonadales;f__Gallionellaceae;g__Sulfurirhabdus
76486	315.0	sk__Bacteria;k__;p__Proteobacteria;c__Betaproteobacteria;o__Nitrosomonadales;f__Methylophilaceae
46075	33.0	sk__Bacteria;k__;p__Proteobacteria;c__Betaproteobacteria;o__Nitrosomonadales;f__Methylophilaceae;g__Candidatus_Methylopumilus
89691	3.0	sk__Bacteria;k__;p__Proteobacteria;c__Betaproteobacteria;o__Nitrosomonadales;f__Methylophilaceae;g__Methylophilus
90936	85.0	sk__Bacteria;k__;p__Proteobacteria;c__Betaproteobacteria;o__Nitrosomonadales;f__Methylophilaceae;g__Methylotenera
205282	228.0	sk__Bacteria;k__;p__Proteobacteria;c__Betaproteobacteria;o__Nitrosomonadales;f__Nitrosomonadaceae
199	93.0	sk__Bacteria;k__;p__Proteobacteria;c__Betaproteobacteria;o__Nitrosomonadales;f__Nitrosomonadaceae;g__Nitrosomonas
5478	7.0	sk__Bacteria;k__;p__Proteobacteria;c__Betaproteobacteria;o__Nitrosomonadales;f__Sterolibacteriaceae
150693	2.0	sk__Bacteria;k__;p__Proteobacteria;c__Betaproteobacteria;o__Nitrosomonadales;f__Sterolibacteriaceae;g__Denitratisoma
93330	1.0	sk__Bacteria;k__;p__Proteobacteria;c__Betaproteobacteria;o__Nitrosomonadales;f__Sterolibacteriaceae;g__Georgfuchsia
147086	1.0	sk__Bacteria;k__;p__Proteobacteria;c__Betaproteobacteria;o__Nitrosomonadales;f__Sterolibacteriaceae;g__Methyloversatilis
104020	3.0	sk__Bacteria;k__;p__Proteobacteria;c__Betaproteobacteria;o__Nitrosomonadales;f__Sterolibacteriaceae;g__Sterolibacterium
149357	74.0	sk__Bacteria;k__;p__Proteobacteria;c__Betaproteobacteria;o__Nitrosomonadales;f__Sterolibacteriaceae;g__Sulfuritalea
194475	3.0	sk__Bacteria;k__;p__Proteobacteria;c__Betaproteobacteria;o__Nitrosomonadales;f__Thiobacillaceae
214091	4.0	sk__Bacteria;k__;p__Proteobacteria;c__Betaproteobacteria;o__Nitrosomonadales;f__Thiobacillaceae;g__Thiobacillus
232020	572.0	sk__Bacteria;k__;p__Proteobacteria;c__Betaproteobacteria;o__Rhodocyclales
83050	39.0	sk__Bacteria;k__;p__Proteobacteria;c__Betaproteobacteria;o__Rhodocyclales;f__Azonexaceae
134382	106.0	sk__Bacteria;k__;p__Proteobacteria;c__Betaproteobacteria;o__Rhodocyclales;f__Azonexaceae;g__Dechloromonas
116211	1.0	sk__Bacteria;k__;p__Proteobacteria;c__Betaproteobacteria;o__Rhodocyclales;f__Azonexaceae;g__Ferribacterium
27275	1.0	sk__Bacteria;k__;p__Proteobacteria;c__Betaproteobacteria;o__Rhodocyclales;f__Azonexaceae;g__Quatrionicoccus
73698	3726.0	sk__Bacteria;k__;p__Proteobacteria;c__Betaproteobacteria;o__Rhodocyclales;f__Rhodocyclaceae
4335	6.0	sk__Bacteria;k__;p__Proteobacteria;c__Betaproteobacteria;o__Rhodocyclales;f__Rhodocyclaceae;g__Azospira
136992	10.0	sk__Bacteria;k__;p__Proteobacteria;c__Betaproteobacteria;o__Rhodocyclales;f__Rhodocyclaceae;g__Propionivibrio
224999	47.0	sk__Bacteria;k__;p__Proteobacteria;c__Betaproteobacteria;o__Rhodocyclales;f__Zoogloeaceae
32007	3.0	sk__Bacteria;k__;p__Proteobacteria;c__Betaproteobacteria;o__Rhodocyclales;f__Zoogloeaceae;g__Azoarcus
85563	27.0	sk__Bacteria;k__;p__Proteobacteria;c__Betaproteobacteria;o__Rhodocyclales;f__Zoogloeaceae;g__Thauera
1200	1.0	sk__Bacteria;k__;p__Proteobacteria;c__Betaproteobacteria;o__Rhodocyclales;f__Zoogloeaceae;g__Uliginosibacterium
24154	64.0	sk__Bacteria;k__;p__Proteobacteria;c__Betaproteobacteria;o__Rhodocyclales;f__Zoogloeaceae;g__Zoogloea
142355	93.0	sk__Bacteria;k__;p__Proteobacteria;c__Deltaproteobacteria
159314	1.0	sk__Bacteria;k__;p__Proteobacteria;c__Deltaproteobacteria;o__;f__;g__Candidatus_Babela;s__Candidatus_Babela_massiliensis
230879	2.0	sk__Bacteria;k__;p__Proteobacteria;c__Deltaproteobacteria;o__Bradymonadales
83909	2.0	sk__Bacteria;k__;p__Proteobacteria;c__Deltaproteobacteria;o__Desulfarculales;f__Desulfarculaceae
254096	3.0	sk__Bacteria;k__;p__Proteobacteria;c__Deltaproteobacteria;o__Desulfobacterales
132485	2.0	sk__Bacteria;k__;p__Proteobacteria;c__Deltaproteobacteria;o__Desulfobacterales;f__Desulfobacteraceae
148809	1.0	sk__Bacteria;k__;p__Proteobacteria;c__Deltaproteobacteria;o__Desulfobacterales;f__Desulfobacteraceae;g__Desulfatiglans
78712	1.0	sk__Bacteria;k__;p__Proteobacteria;c__Deltaproteobacteria;o__Desulfobacterales;f__Desulfobacteraceae;g__Desulforegula
71280	1.0	sk__Bacteria;k__;p__Proteobacteria;c__Deltaproteobacteria;o__Desulfobacterales;f__Desulfobacteraceae;g__Desulforegula;s__Desulforegula_conservatrix
93005	4.0	sk__Bacteria;k__;p__Proteobacteria;c__Deltaproteobacteria;o__Desulfobacterales;f__Desulfobulbaceae
100718	1.0	sk__Bacteria;k__;p__Proteobacteria;c__Deltaproteobacteria;o__Desulfobacterales;f__Desulfobulbaceae;g__Candidatus_Electronema
39801	4.0	sk__Bacteria;k__;p__Proteobacteria;c__Deltaproteobacteria;o__Desulfobacterales;f__Desulfobulbaceae;g__Desulfobulbus
85618	5.0	sk__Bacteria;k__;p__Proteobacteria;c__Deltaproteobacteria;o__Desulfovibrionales
34777	3.0	sk__Bacteria;k__;p__Proteobacteria;c__Deltaproteobacteria;o__Desulfovibrionales;f__Desulfomicrobiaceae;g__Desulfomicrobium
79081	37.0	sk__Bacteria;k__;p__Proteobacteria;c__Deltaproteobacteria;o__Desulfovibrionales;f__Desulfovibrionaceae
252422	7.0	sk__Bacteria;k__;p__Proteobacteria;c__Deltaproteobacteria;o__Desulfovibrionales;f__Desulfovibrionaceae;g__Bilophila
7451	72.0	sk__Bacteria;k__;p__Proteobacteria;c__Deltaproteobacteria;o__Desulfovibrionales;f__Desulfovibrionaceae;g__Desulfovibrio
108088	3.0	sk__Bacteria;k__;p__Proteobacteria;c__Deltaproteobacteria;o__Desulfovibrionales;f__Desulfovibrionaceae;g__Desulfovibrio;s__Desulfovibrio_piger
80933	5.0	sk__Bacteria;k__;p__Proteobacteria;c__Deltaproteobacteria;o__Desulfuromonadales
253704	7.0	sk__Bacteria;k__;p__Proteobacteria;c__Deltaproteobacteria;o__Desulfuromonadales;f__Desulfuromonadaceae;g__Desulfuromonas
241481	1.0	sk__Bacteria;k__;p__Proteobacteria;c__Deltaproteobacteria;o__Desulfuromonadales;f__Geobacteraceae
196486	10.0	sk__Bacteria;k__;p__Proteobacteria;c__Deltaproteobacteria;o__Desulfuromonadales;f__Geobacteraceae;g__Geobacter
118036	1.0	sk__Bacteria;k__;p__Proteobacteria;c__Deltaproteobacteria;o__Desulfuromonadales;f__Geobacteraceae;g__Geothermobacter
42738	281.0	sk__Bacteria;k__;p__Proteobacteria;c__Deltaproteobacteria;o__Myxococcales
27959	1.0	sk__Bacteria;k__;p__Proteobacteria;c__Deltaproteobacteria;o__Myxococcales;f__Anaeromyxobacteraceae
240479	22.0	sk__Bacteria;k__;p__Proteobacteria;c__Deltaproteobacteria;o__Myxococcales;f__Anaeromyxobacteraceae;g__Anaeromyxobacter
239172	2.0	sk__Bacteria;k__;p__Proteobacteria;c__Deltaproteobacteria;o__Myxococcales;f__Kofleriaceae
58395	52.0	sk__Bacteria;k__;p__Proteobacteria;c__Deltaproteobacteria;o__Myxococcales;f__Kofleriaceae;g__Haliangium
72903	76.0	sk__Bacteria;k__;p__Proteobacteria;c__Deltaproteobacteria;o__Myxococcales;f__Nannocystaceae;g__Nannocystis
188704	28.0	sk__Bacteria;k__;p__Proteobacteria;c__Deltaproteobacteria;o__Myxococcales;f__Phaselicystidaceae;g__Phaselicystis
30719	17.0	sk__Bacteria;k__;p__Proteobacteria;c__Deltaproteobacteria;o__Myxococcales;f__Polyangiaceae
149471	13.0	sk__Bacteria;k__;p__Proteobacteria;c__Deltaproteobacteria;o__Myxococcales;f__Polyangiaceae;g__Pajaroellobacter
155330	1.0	sk__Bacteria;k__;p__Proteobacteria;c__Deltaproteobacteria;o__Myxococcales;f__Polyangiaceae;g__Polyangium
56826	1.0	sk__Bacteria;k__;p__Proteobacteria;c__Deltaproteobacteria;o__Myxococcales;f__Polyangiaceae;g__Sorangium
45066	63.0	sk__Bacteria;k__;p__Proteobacteria;c__Deltaproteobacteria;o__Myxococcales;f__Sandaracinaceae
153598	10.0	sk__Bacteria;k__;p__Proteobacteria;c__Deltaproteobacteria;o__Myxococcales;f__Sandaracinaceae;g__Sandaracinus
132696	4.0	sk__Bacteria;k__;p__Proteobacteria;c__Deltaproteobacteria;o__Syntrophobacterales
2766	48.0	sk__Bacteria;k__;p__Proteobacteria;c__Deltaproteobacteria;o__Syntrophobacterales;f__Syntrophaceae
249208	1.0	sk__Bacteria;k__;p__Proteobacteria;c__Deltaproteobacteria;o__Syntrophobacterales;f__Syntrophaceae;g__Desulfobacca
194116	3.0	sk__Bacteria;k__;p__Proteobacteria;c__Deltaproteobacteria;o__Syntrophobacterales;f__Syntrophaceae;g__Desulfomonile
40719	50.0	sk__Bacteria;k__;p__Proteobacteria;c__Deltaproteobacteria;o__Syntrophobacterales;f__Syntrophaceae;g__Smithella
67004	9.0	sk__Bacteria;k__;p__Proteobacteria;c__Deltaproteobacteria;o__Syntrophobacterales;f__Syntrophaceae;g__Syntrophus
159770	2.0	sk__Bacteria;k__;p__Proteobacteria;c__Deltaproteobacteria;o__Syntrophobacterales;f__Syntrophobacteraceae
28897	6.0	sk__Bacteria;k__;p__Proteobacteria;c__Deltaproteobacteria;o__Syntrophobacterales;f__Syntrophobacteraceae;g__Syntrophobacter
172217	28.0	sk__Bacteria;k__;p__Proteobacteria;c__Deltaproteobacteria;o__Syntrophobacterales;f__Syntrophorhabdaceae;g__Syntrophorhabdus
68460	35.0	sk__Bacteria;k__;p__Proteobacteria;c__Epsilonproteobacteria
263494	1.0	sk__Bacteria;k__;p__Proteobacteria;c__Epsilonproteobacteria;o__;f__;g__Sulfurovum
39155	37.0	sk__Bacteria;k__;p__Proteobacteria;c__Epsilonproteobacteria;o__Campylobacterales
237422	11.0	sk__Bacteria;k__;p__Proteobacteria;c__Epsilonproteobacteria;o__Campylobacterales;f__Campylobacteraceae
17010	907.0	sk__Bacteria;k__;p__Proteobacteria;c__Epsilonproteobacteria;o__Campylobacterales;f__Campylobacteraceae;g__Arcobacter
215092	16.0	sk__Bacteria;k__;p__Proteobacteria;c__Epsilonproteobacteria;o__Campylobacterales;f__Campylobacteraceae;g__Sulfurospirillum
48267	1.0	sk__Bacteria;k__;p__Proteobacteria;c__Epsilonproteobacteria;o__Campylobacterales;f__Helicobacteraceae
174274	1.0	sk__Bacteria;k__;p__Proteobacteria;c__Epsilonproteobacteria;o__Campylobacterales;f__Helicobacteraceae;g__Helicobacter
180104	7.0	sk__Bacteria;k__;p__Proteobacteria;c__Epsilonproteobacteria;o__Campylobacterales;f__Helicobacteraceae;g__Sulfuricurvum
113174	23.0	sk__Bacteria;k__;p__Proteobacteria;c__Epsilonproteobacteria;o__Campylobacterales;f__Helicobacteraceae;g__Sulfurimonas
61324	2777.0	sk__Bacteria;k__;p__Proteobacteria;c__Gammaproteobacteria
87150	13.0	sk__Bacteria;k__;p__Proteobacteria;c__Gammaproteobacteria;o__;f__;g__Acidibacter
92122	93.0	sk__Bacteria;k__;p__Proteobacteria;c__Gammaproteobacteria;o__;f__;g__Candidatus_Ovatusbacter
139892	1.0	sk__Bacteria;k__;p__Proteobacteria;c__Gammaproteobacteria;o__;f__;g__Ignatzschineria
21519	34.0	sk__Bacteria;k__;p__Proteobacteria;c__Gammaproteobacteria;o__;f__;g__Pseudohongiella
103368	2.0	sk__Bacteria;k__;p__Proteobacteria;c__Gammaproteobacteria;o__;f__Competibacteraceae
34564	3.0	sk__Bacteria;k__;p__Proteobacteria;c__Gammaproteobacteria;o__;f__Competibacteraceae;g__Candidatus_Competibacter
102102	89.0	sk__Bacteria;k__;p__Proteobacteria;c__Gammaproteobacteria;o__Aeromonadales
68661	39.0	sk__Bacteria;k__;p__Proteobacteria;c__Gammaproteobacteria;o__Aeromonadales;f__Aeromonadaceae
202320	464.0	sk__Bacteria;k__;p__Proteobacteria;c__Gammaproteobacteria;o__Aeromonadales;f__Aeromonadaceae;g__Aeromonas
27455	1.0	sk__Bacteria;k__;p__Proteobacteria;c__Gammaproteobacteria;o__Aeromonadales;f__Aeromonadaceae;g__Aeromonas;s__Aeromonas_hydrophila
200695	2.0	sk__Bacteria;k__;p__Proteobacteria;c__Gammaproteobacteria;o__Aeromonadales;f__Aeromonadaceae;g__Oceanisphaera
160583	221.0	sk__Bacteria;k__;p__Proteobacteria;c__Gammaproteobacteria;o__Aeromonadales;f__Aeromonadaceae;g__Tolumonas
146988	5.0	sk__Bacteria;k__;p__Proteobacteria;c__Gammaproteobacteria;o__Aeromonadales;f__Succinivibrionaceae
197041	1.0	sk__Bacteria;k__;p__Proteobacteria;c__Gammaproteobacteria;o__Aeromonadales;f__Succinivibrionaceae;g__Ruminobacter
214500	29.0	sk__Bacteria;k__;p__Proteobacteria;c__Gammaproteobacteria;o__Aeromonadales;f__Succinivibrionaceae;g__Succinivibrio
182860	17.0	sk__Bacteria;k__;p__Proteobacteria;c__Gammaproteobacteria;o__Alteromonadales
150579	1.0	sk__Bacteria;k__;p__Proteobacteria;c__Gammaproteobacteria;o__Alteromonadales;f__Alteromonadaceae
80227	1.0	sk__Bacteria;k__;p__Proteobacteria;c__Gammaproteobacteria;o__Alteromonadales;f__Alteromonadaceae;g__Paraglaciecola
13412	10.0	sk__Bacteria;k__;p__Proteobacteria;c__Gammaproteobacteria;o__Alteromonadales;f__Colwelliaceae
257008	2.0	sk__Bacteria;k__;p__Proteobacteria;c__Gammaproteobacteria;o__Alteromonadales;f__Colwelliaceae;g__Thalassotalea
239330	1.0	sk__Bacteria;k__;p__Proteobacteria;c__Gammaproteobacteria;o__Alteromonadales;f__Psychromonadaceae;g__Psychromonas
247757	1.0	sk__Bacteria;k__;p__Proteobacteria;c__Gammaproteobacteria;o__Alteromonadales;f__Shewanellaceae
11043	2.0	sk__Bacteria;k__;p__Proteobacteria;c__Gammaproteobacteria;o__Alteromonadales;f__Shewanellaceae;g__Shewanella
85871	2.0	sk__Bacteria;k__;p__Proteobacteria;c__Gammaproteobacteria;o__Cardiobacteriales
74102	5.0	sk__Bacteria;k__;p__Proteobacteria;c__Gammaproteobacteria;o__Cellvibrionales
129390	10.0	sk__Bacteria;k__;p__Proteobacteria;c__Gammaproteobacteria;o__Cellvibrionales;f__Cellvibrionaceae
193874	64.0	sk__Bacteria;k__;p__Proteobacteria;c__Gammaproteobacteria;o__Cellvibrionales;f__Cellvibrionaceae;g__Cellvibrio
98439	37.0	sk__Bacteria;k__;p__Proteobacteria;c__Gammaproteobacteria;o__Cellvibrionales;f__Halieaceae
238938	2.0	sk__Bacteria;k__;p__Proteobacteria;c__Gammaproteobacteria;o__Cellvibrionales;f__Halieaceae;g__Halioglobus
23619	2.0	sk__Bacteria;k__;p__Proteobacteria;c__Gammaproteobacteria;o__Cellvibrionales;f__Porticoccaceae
230845	6.0	sk__Bacteria;k__;p__Proteobacteria;c__Gammaproteobacteria;o__Cellvibrionales;f__Spongiibacteraceae
212572	1.0	sk__Bacteria;k__;p__Proteobacteria;c__Gammaproteobacteria;o__Cellvibrionales;f__Spongiibacteraceae;g__Dasania
170627	3.0	sk__Bacteria;k__;p__Proteobacteria;c__Gammaproteobacteria;o__Cellvibrionales;f__Spongiibacteraceae;g__Oceanicoccus
105031	4.0	sk__Bacteria;k__;p__Proteobacteria;c__Gammaproteobacteria;o__Chromatiales
150096	3.0	sk__Bacteria;k__;p__Proteobacteria;c__Gammaproteobacteria;o__Chromatiales;f__Chromatiaceae
176218	19.0	sk__Bacteria;k__;p__Proteobacteria;c__Gammaproteobacteria;o__Chromatiales;f__Chromatiaceae;g__Rheinheimera
27175	1.0	sk__Bacteria;k__;p__Proteobacteria;c__Gammaproteobacteria;o__Chromatiales;f__Halothiobacillaceae
197812	1.0	sk__Bacteria;k__;p__Proteobacteria;c__Gammaproteobacteria;o__Chromatiales;f__Woeseiaceae
241177	3.0	sk__Bacteria;k__;p__Proteobacteria;c__Gammaproteobacteria;o__Chromatiales;f__Woeseiaceae;g__Woeseia
16188	257.0	sk__Bacteria;k__;p__Proteobacteria;c__Gammaproteobacteria;o__Enterobacterales
169552	2.0	sk__Bacteria;k__;p__Proteobacteria;c__Gammaproteobacteria;o__Enterobacterales;f__;g__Plesiomonas
258109	250.0	sk__Bacteria;k__;p__Proteobacteria;c__Gammaproteobacteria;o__Enterobacterales;f__Enterobacteriaceae
229596	1.0	sk__Bacteria;k__;p__Proteobacteria;c__Gammaproteobacteria;o__Enterobacterales;f__Enterobacteriaceae;g__Salmonella
10301	11.0	sk__Bacteria;k__;p__Proteobacteria;c__Gammaproteobacteria;o__Enterobacterales;f__Erwiniaceae
133313	6.0	sk__Bacteria;k__;p__Proteobacteria;c__Gammaproteobacteria;o__Enterobacterales;f__Erwiniaceae;g__Tatumella
99790	1.0	sk__Bacteria;k__;p__Proteobacteria;c__Gammaproteobacteria;o__Enterobacterales;f__Morganellaceae
234923	2.0	sk__Bacteria;k__;p__Proteobacteria;c__Gammaproteobacteria;o__Enterobacterales;f__Pectobacteriaceae
238827	1.0	sk__Bacteria;k__;p__Proteobacteria;c__Gammaproteobacteria;o__Enterobacterales;f__Pectobacteriaceae;g__Brenneria
141137	1.0	sk__Bacteria;k__;p__Proteobacteria;c__Gammaproteobacteria;o__Enterobacterales;f__Pectobacteriaceae;g__Pectobacterium
85951	16.0	sk__Bacteria;k__;p__Proteobacteria;c__Gammaproteobacteria;o__Enterobacterales;f__Yersiniaceae
99452	22.0	sk__Bacteria;k__;p__Proteobacteria;c__Gammaproteobacteria;o__Enterobacterales;f__Yersiniaceae;g__Serratia
189462	32.0	sk__Bacteria;k__;p__Proteobacteria;c__Gammaproteobacteria;o__Legionellales
117212	92.0	sk__Bacteria;k__;p__Proteobacteria;c__Gammaproteobacteria;o__Legionellales;f__Coxiellaceae
135119	95.0	sk__Bacteria;k__;p__Proteobacteria;c__Gammaproteobacteria;o__Legionellales;f__Coxiellaceae;g__Aquicella
213467	25.0	sk__Bacteria;k__;p__Proteobacteria;c__Gammaproteobacteria;o__Legionellales;f__Coxiellaceae;g__Candidatus_Berkiella
155427	1.0	sk__Bacteria;k__;p__Proteobacteria;c__Gammaproteobacteria;o__Legionellales;f__Coxiellaceae;g__Candidatus_Berkiella;s__Candidatus_Berkiella_cookevillensis
168466	74.0	sk__Bacteria;k__;p__Proteobacteria;c__Gammaproteobacteria;o__Legionellales;f__Coxiellaceae;g__Coxiella
202995	18.0	sk__Bacteria;k__;p__Proteobacteria;c__Gammaproteobacteria;o__Legionellales;f__Coxiellaceae;g__Rickettsiella
101428	46.0	sk__Bacteria;k__;p__Proteobacteria;c__Gammaproteobacteria;o__Legionellales;f__Legionellaceae
112467	478.0	sk__Bacteria;k__;p__Proteobacteria;c__Gammaproteobacteria;o__Legionellales;f__Legionellaceae;g__Legionella
106489	22.0	sk__Bacteria;k__;p__Proteobacteria;c__Gammaproteobacteria;o__Methylococcales
108560	5.0	sk__Bacteria;k__;p__Proteobacteria;c__Gammaproteobacteria;o__Methylococcales;f__Crenotrichaceae;g__Crenothrix
134385	10.0	sk__Bacteria;k__;p__Proteobacteria;c__Gammaproteobacteria;o__Methylococcales;f__Methylococcaceae
83023	7.0	sk__Bacteria;k__;p__Proteobacteria;c__Gammaproteobacteria;o__Methylococcales;f__Methylococcaceae;g__Methyloparacoccus
124500	1.0	sk__Bacteria;k__;p__Proteobacteria;c__Gammaproteobacteria;o__Nevskiales
249900	14.0	sk__Bacteria;k__;p__Proteobacteria;c__Gammaproteobacteria;o__Oceanospirillales
243244	2.0	sk__Bacteria;k__;p__Proteobacteria;c__Gammaproteobacteria;o__Oceanospirillales;f__Alcanivoracaceae
5378	2.0	sk__Bacteria;k__;p__Proteobacteria;c__Gammaproteobacteria;o__Oceanospirillales;f__Halomonadaceae
136781	125.0	sk__Bacteria;k__;p__Proteobacteria;c__Gammaproteobacteria;o__Oceanospirillales;f__Halomonadaceae;g__Halomonas
112738	6.0	sk__Bacteria;k__;p__Proteobacteria;c__Gammaproteobacteria;o__Oceanospirillales;f__Halomonadaceae;g__Halomonas;s__Candidatus_Halomonas_phosphatis
9250	1.0	sk__Bacteria;k__;p__Proteobacteria;c__Gammaproteobacteria;o__Oceanospirillales;f__Kangiellaceae
127774	1.0	sk__Bacteria;k__;p__Proteobacteria;c__Gammaproteobacteria;o__Oceanospirillales;f__Oceanospirillaceae
132079	4.0	sk__Bacteria;k__;p__Proteobacteria;c__Gammaproteobacteria;o__Oceanospirillales;f__Oceanospirillaceae;g__Oceanobacter
18564	1.0	sk__Bacteria;k__;p__Proteobacteria;c__Gammaproteobacteria;o__Oceanospirillales;f__Oleiphilaceae;g__Oleiphilus
125856	1.0	sk__Bacteria;k__;p__Proteobacteria;c__Gammaproteobacteria;o__Oceanospirillales;f__Saccharospirillaceae
262897	51.0	sk__Bacteria;k__;p__Proteobacteria;c__Gammaproteobacteria;o__Pseudomonadales
32926	376.0	sk__Bacteria;k__;p__Proteobacteria;c__Gammaproteobacteria;o__Pseudomonadales;f__Moraxellaceae
55775	2586.0	sk__Bacteria;k__;p__Proteobacteria;c__Gammaproteobacteria;o__Pseudomonadales;f__Moraxellaceae;g__Acinetobacter
215304	11.0	sk__Bacteria;k__;p__Proteobacteria;c__Gammaproteobacteria;o__Pseudomonadales;f__Moraxellaceae;g__Alkanindiges
246978	1.0	sk__Bacteria;k__;p__Proteobacteria;c__Gammaproteobacteria;o__Pseudomonadales;f__Moraxellaceae;g__Cavicella
157079	2.0	sk__Bacteria;k__;p__Proteobacteria;c__Gammaproteobacteria;o__Pseudomonadales;f__Moraxellaceae;g__Moraxella
21832	1.0	sk__Bacteria;k__;p__Proteobacteria;c__Gammaproteobacteria;o__Pseudomonadales;f__Moraxellaceae;g__Moraxella;s__Moraxella_sp._feline_oral_taxon_163
48953	7.0	sk__Bacteria;k__;p__Proteobacteria;c__Gammaproteobacteria;o__Pseudomonadales;f__Moraxellaceae;g__Psychrobacter
173838	30.0	sk__Bacteria;k__;p__Proteobacteria;c__Gammaproteobacteria;o__Pseudomonadales;f__Pseudomonadaceae
206763	6.0	sk__Bacteria;k__;p__Proteobacteria;c__Gammaproteobacteria;o__Pseudomonadales;f__Pseudomonadaceae;g__Azotobacter
44470	527.0	sk__Bacteria;k__;p__Proteobacteria;c__Gammaproteobacteria;o__Pseudomonadales;f__Pseudomonadaceae;g__Pseudomonas
198264	1.0	sk__Bacteria;k__;p__Proteobacteria;c__Gammaproteobacteria;o__Pseudomonadales;f__Pseudomonadaceae;g__Thiopseudomonas
182086	1.0	sk__Bacteria;k__;p__Proteobacteria;c__Gammaproteobacteria;o__Salinisphaerales
261376	1.0	sk__Bacteria;k__;p__Proteobacteria;c__Gammaproteobacteria;o__Salinisphaerales;f__Salinisphaeraceae
26279	45.0	sk__Bacteria;k__;p__Proteobacteria;c__Gammaproteobacteria;o__Thiotrichales
112004	8.0	sk__Bacteria;k__;p__Proteobacteria;c__Gammaproteobacteria;o__Thiotrichales;f__Fastidiosibacteraceae;g__Caedibacter
39261	24.0	sk__Bacteria;k__;p__Proteobacteria;c__Gammaproteobacteria;o__Thiotrichales;f__Thiotrichaceae
118292	363.0	sk__Bacteria;k__;p__Proteobacteria;c__Gammaproteobacteria;o__Thiotrichales;f__Thiotrichaceae;g__Thiothrix
109511	105.0	sk__Bacteria;k__;p__Proteobacteria;c__Gammaproteobacteria;o__Xanthomonadales
231485	200.0	sk__Bacteria;k__;p__Proteobacteria;c__Gammaproteobacteria;o__Xanthomonadales;f__Rhodanobacteraceae
61332	2.0	sk__Bacteria;k__;p__Proteobacteria;c__Gammaproteobacteria;o__Xanthomonadales;f__Rhodanobacteraceae;g__Aquimonas
51780	19.0	sk__Bacteria;k__;p__Proteobacteria;c__Gammaproteobacteria;o__Xanthomonadales;f__Rhodanobacteraceae;g__Chiayiivirga
46622	7.0	sk__Bacteria;k__;p__Proteobacteria;c__Gammaproteobacteria;o__Xanthomonadales;f__Rhodanobacteraceae;g__Dokdonella
241593	1.0	sk__Bacteria;k__;p__Proteobacteria;c__Gammaproteobacteria;o__Xanthomonadales;f__Rhodanobacteraceae;g__Tahibacter
63392	186.0	sk__Bacteria;k__;p__Proteobacteria;c__Gammaproteobacteria;o__Xanthomonadales;f__Xanthomonadaceae
236722	536.0	sk__Bacteria;k__;p__Proteobacteria;c__Gammaproteobacteria;o__Xanthomonadales;f__Xanthomonadaceae;g__Arenimonas
8274	4.0	sk__Bacteria;k__;p__Proteobacteria;c__Gammaproteobacteria;o__Xanthomonadales;f__Xanthomonadaceae;g__Luteimonas
43584	34.0	sk__Bacteria;k__;p__Proteobacteria;c__Gammaproteobacteria;o__Xanthomonadales;f__Xanthomonadaceae;g__Lysobacter
197495	10.0	sk__Bacteria;k__;p__Proteobacteria;c__Gammaproteobacteria;o__Xanthomonadales;f__Xanthomonadaceae;g__Pseudoxanthomonas
14782	1.0	sk__Bacteria;k__;p__Proteobacteria;c__Gammaproteobacteria;o__Xanthomonadales;f__Xanthomonadaceae;g__Silanimonas
224155	6.0	sk__Bacteria;k__;p__Proteobacteria;c__Gammaproteobacteria;o__Xanthomonadales;f__Xanthomonadaceae;g__Stenotrophomonas
54362	179.0	sk__Bacteria;k__;p__Proteobacteria;c__Gammaproteobacteria;o__Xanthomonadales;f__Xanthomonadaceae;g__Thermomonas
211671	3.0	sk__Bacteria;k__;p__Proteobacteria;c__Gammaproteobacteria;o__Xanthomonadales;f__Xanthomonadaceae;g__Vulcaniibacterium
179453	12.0	sk__Bacteria;k__;p__Proteobacteria;c__Hydrogenophilalia
233823	4.0	sk__Bacteria;k__;p__Proteobacteria;c__Hydrogenophilalia;o__Hydrogenophilales
253125	6.0	sk__Bacteria;k__;p__Proteobacteria;c__Hydrogenophilalia;o__Hydrogenophilales;f__Hydrogenophilaceae
62490	1.0	sk__Bacteria;k__;p__Proteobacteria;c__Hydrogenophilalia;o__Hydrogenophilales;f__Hydrogenophilaceae;g__Hydrogenophilus
38643	5.0	sk__Bacteria;k__;p__Proteobacteria;c__Hydrogenophilalia;o__Hydrogenophilales;f__Hydrogenophilaceae;g__Tepidiphilus
36997	7.0	sk__Bacteria;k__;p__Proteobacteria;c__Oligoflexia;o__Bacteriovoracales
34262	33.0	sk__Bacteria;k__;p__Proteobacteria;c__Oligoflexia;o__Bacteriovoracales;f__Bacteriovoracaceae
181950	30.0	sk__Bacteria;k__;p__Proteobacteria;c__Oligoflexia;o__Bacteriovoracales;f__Bacteriovoracaceae;g__Bacteriovorax
127260	2.0	sk__Bacteria;k__;p__Proteobacteria;c__Oligoflexia;o__Bacteriovoracales;f__Bacteriovoracaceae;g__Bacteriovorax;s__Bacteriovorax_sp._EPC3
213034	34.0	sk__Bacteria;k__;p__Proteobacteria;c__Oligoflexia;o__Bacteriovoracales;f__Bacteriovoracaceae;g__Peredibacter
11347	22.0	sk__Bacteria;k__;p__Proteobacteria;c__Oligoflexia;o__Bdellovibrionales
53199	20.0	sk__Bacteria;k__;p__Proteobacteria;c__Oligoflexia;o__Bdellovibrionales;f__;g__;s__Bdellovibrionales_bacterium_Ga0074137
67609	1.0	sk__Bacteria;k__;p__Proteobacteria;c__Oligoflexia;o__Bdellovibrionales;f__;g__;s__Bdellovibrionales_bacterium_RIFCSPHIGHO2_01_FULL_40_29
5938	7.0	sk__Bacteria;k__;p__Proteobacteria;c__Oligoflexia;o__Bdellovibrionales;f__Bdellovibrionaceae
99800	175.0	sk__Bacteria;k__;p__Proteobacteria;c__Oligoflexia;o__Bdellovibrionales;f__Bdellovibrionaceae;g__Bdellovibrio
185452	3.0	sk__Bacteria;k__;p__Proteobacteria;c__Oligoflexia;o__Bdellovibrionales;f__Bdellovibrionaceae;g__Bdellovibrio;s__Bdellovibrio_bacteriovorus
242853	63.0	sk__Bacteria;k__;p__Proteobacteria;c__Oligoflexia;o__Oligoflexales
105705	41.0	sk__Bacteria;k__;p__Proteobacteria;c__Oligoflexia;o__Oligoflexales;f__Oligoflexaceae
50263	5.0	sk__Bacteria;k__;p__Proteobacteria;c__Oligoflexia;o__Oligoflexales;f__Oligoflexaceae;g__Oligoflexus
256364	3.0	sk__Bacteria;k__;p__Proteobacteria;c__Oligoflexia;o__Silvanigrellales
82054	1.0	sk__Bacteria;k__;p__Proteobacteria;c__Zetaproteobacteria;o__Mariprofundales;f__Mariprofundaceae
104185	5.0	sk__Bacteria;k__;p__Spirochaetes
85606	2.0	sk__Bacteria;k__;p__Spirochaetes;c__Spirochaetia
209186	2.0	sk__Bacteria;k__;p__Spirochaetes;c__Spirochaetia;o__;f__Leptospiraceae
200771	46.0	sk__Bacteria;k__;p__Spirochaetes;c__Spirochaetia;o__;f__Leptospiraceae;g__Turneriella
245477	1.0	sk__Bacteria;k__;p__Spirochaetes;c__Spirochaetia;o__;f__Leptospiraceae;g__Turneriella;s__Turneriella_parva
173322	3.0	sk__Bacteria;k__;p__Spirochaetes;c__Spirochaetia;o__Spirochaetales
34140	222.0	sk__Bacteria;k__;p__Spirochaetes;c__Spirochaetia;o__Spirochaetales;f__Spirochaetaceae
227759	2.0	sk__Bacteria;k__;p__Spirochaetes;c__Spirochaetia;o__Spirochaetales;f__Spirochaetaceae;g__Salinispira
158173	1.0	sk__Bacteria;k__;p__Spirochaetes;c__Spirochaetia;o__Spirochaetales;f__Spirochaetaceae;g__Treponema
193538	3.0	sk__Bacteria;k__;p__Synergistetes
47385	4.0	sk__Bacteria;k__;p__Synergistetes;c__Synergistia;o__Synergistales
218286	622.0	sk__Bacteria;k__;p__Synergistetes;c__Synergistia;o__Synergistales;f__Synergistaceae
80669	3.0	sk__Bacteria;k__;p__Synergistetes;c__Synergistia;o__Synergistales;f__Synergistaceae;g__Aminivibrio
172117	1.0	sk__Bacteria;k__;p__Synergistetes;c__Synergistia;o__Synergistales;f__Synergistaceae;g__Fretibacterium
251801	6.0	sk__Bacteria;k__;p__Synergistetes;c__Synergistia;o__Synergistales;f__Synergistaceae;g__Lactivibrio
219073	34.0	sk__Bacteria;k__;p__Synergistetes;c__Synergistia;o__Synergistales;f__Synergistaceae;g__Thermovirga
8406	30.0	sk__Bacteria;k__;p__Tenericutes;c__Mollicutes
79943	25.0	sk__Bacteria;k__;p__Tenericutes;c__Mollicutes;o__Acholeplasmatales;f__Acholeplasmataceae;g__Acholeplasma
138121	1.0	sk__Bacteria;k__;p__Tenericutes;c__Mollicutes;o__Acholeplasmatales;f__Acholeplasmataceae;g__Acholeplasma;s__Acholeplasma_vituli
209420	1.0	sk__Bacteria;k__;p__Tenericutes;c__Mollicutes;o__Entomoplasmatales
180884	3.0	sk__Bacteria;k__;p__Tenericutes;c__Mollicutes;o__Mycoplasmatales
254936	1.0	sk__Bacteria;k__;p__Tenericutes;c__Mollicutes;o__Mycoplasmatales;f__Mycoplasmataceae
157546	1.0	sk__Bacteria;k__;p__Thermotogae;c__Thermotogae;o__Kosmotogales;f__Kosmotogaceae
35194	679.0	sk__Bacteria;k__;p__Thermotogae;c__Thermotogae;o__Petrotogales
19698	2.0	sk__Bacteria;k__;p__Thermotogae;c__Thermotogae;o__Petrotogales;f__;g__Defluviitoga
24280	9.0	sk__Bacteria;k__;p__Thermotogae;c__Thermotogae;o__Thermotogales;f__Fervidobacteriaceae;g__Fervidobacterium
101210	162.0	sk__Bacteria;k__;p__Verrucomicrobia
15952	4.0	sk__Bacteria;k__;p__Verrucomicrobia;c__;o__;f__;g__;s__Verrucomicrobia_bacterium_ADurb.Bin063
67790	1.0	sk__Bacteria;k__;p__Verrucomicrobia;c__;o__;f__;g__;s__Verrucomicrobia_bacterium_ADurb.Bin474
174273	12.0	sk__Bacteria;k__;p__Verrucomicrobia;c__;o__;f__;g__;s__Verrucomicrobia_bacterium_CG1_02_43_26
190426	5.0	sk__Bacteria;k__;p__Verrucomicrobia;c__;o__;f__;g__;s__Verrucomicrobia_bacterium_GWF2_51_19
232199	28.0	sk__Bacteria;k__;p__Verrucomicrobia;c__;o__;f__;g__;s__Verrucomicrobia_bacterium_SCGC_AAA027-I19
130341	2.0	sk__Bacteria;k__;p__Verrucomicrobia;c__Methylacidiphilae;o__Methylacidiphilales
4347	72.0	sk__Bacteria;k__;p__Verrucomicrobia;c__Methylacidiphilae;o__Methylacidiphilales;f__Methylacidiphilaceae
215395	5.0	sk__Bacteria;k__;p__Verrucomicrobia;c__Opitutae
255472	33.0	sk__Bacteria;k__;p__Verrucomicrobia;c__Opitutae;o__Opitutales;f__Opitutaceae
142036	40.0	sk__Bacteria;k__;p__Verrucomicrobia;c__Opitutae;o__Opitutales;f__Opitutaceae;g__Cephaloticoccus
41556	29.0	sk__Bacteria;k__;p__Verrucomicrobia;c__Opitutae;o__Opitutales;f__Opitutaceae;g__Lacunisphaera
3574	1.0	sk__Bacteria;k__;p__Verrucomicrobia;c__Opitutae;o__Opitutales;f__Opitutaceae;g__Lacunisphaera;s__Lacunisphaera_limnophila
127055	13.0	sk__Bacteria;k__;p__Verrucomicrobia;c__Opitutae;o__Opitutales;f__Opitutaceae;g__Opitutus
131686	9.0	sk__Bacteria;k__;p__Verrucomicrobia;c__Opitutae;o__Puniceicoccales
87310	6.0	sk__Bacteria;k__;p__Verrucomicrobia;c__Opitutae;o__Puniceicoccales;f__Puniceicoccaceae
57577	6.0	sk__Bacteria;k__;p__Verrucomicrobia;c__Spartobacteria
56949	8.0	sk__Bacteria;k__;p__Verrucomicrobia;c__Spartobacteria;o__;f__;g__Candidatus_Xiphinematobacter
66248	120.0	sk__Bacteria;k__;p__Verrucomicrobia;c__Spartobacteria;o__;f__;g__Terrimicrobium
140506	5.0	sk__Bacteria;k__;p__Verrucomicrobia;c__Spartobacteria;o__Chthoniobacterales
6864	12.0	sk__Bacteria;k__;p__Verrucomicrobia;c__Spartobacteria;o__Chthoniobacterales;f__Chthoniobacteraceae
176751	3.0	sk__Bacteria;k__;p__Verrucomicrobia;c__Spartobacteria;o__Chthoniobacterales;f__Chthoniobacteraceae;g__Chthoniobacter
221734	194.0	sk__Bacteria;k__;p__Verrucomicrobia;c__Verrucomicrobiae
179894	8.0	sk__Bacteria;k__;p__Verrucomicrobia;c__Verrucomicrobiae;o__Verrucomicrobiales
16828	5.0	sk__Bacteria;k__;p__Verrucomicrobia;c__Verrucomicrobiae;o__Verrucomicrobiales;f__Akkermansiaceae
172945	64.0	sk__Bacteria;k__;p__Verrucomicrobia;c__Verrucomicrobiae;o__Verrucomicrobiales;f__Akkermansiaceae;g__Akkermansia
1957	8.0	sk__Bacteria;k__;p__Verrucomicrobia;c__Verrucomicrobiae;o__Verrucomicrobiales;f__Akkermansiaceae;g__Akkermansia;s__Akkermansia_muciniphila
27862	1.0	sk__Bacteria;k__;p__Verrucomicrobia;c__Verrucomicrobiae;o__Verrucomicrobiales;f__Rubritaleaceae;g__Rubritalea
250426	1.0	sk__Bacteria;k__;p__Verrucomicrobia;c__Verrucomicrobiae;o__Verrucomicrobiales;f__Verrucomicrobia_subdivision_6
163479	282.0	sk__Bacteria;k__;p__Verrucomicrobia;c__Verrucomicrobiae;o__Verrucomicrobiales;f__Verrucomicrobiaceae
241510	226.0	sk__Bacteria;k__;p__Verrucomicrobia;c__Verrucomicrobiae;o__Verrucomicrobiales;f__Verrucomicrobiaceae;g__Luteolibacter
100418	142.0	sk__Bacteria;k__;p__Verrucomicrobia;c__Verrucomicrobiae;o__Verrucomicrobiales;f__Verrucomicrobiaceae;g__Prosthecobacter
243800	1.0	sk__Bacteria;k__;p__Verrucomicrobia;c__Verrucomicrobiae;o__Verrucomicrobiales;f__Verrucomicrobiaceae;g__Roseimicrobium;s__Roseimicrobium_gellanilyticum
42413	5.0	sk__Bacteria;k__;p__Verrucomicrobia;c__Verrucomicrobiae;o__Verrucomicrobiales;f__Verrucomicrobiaceae;g__Verrucomicrobium
104473	1.0	sk__Bacteria;k__;p__candidate_division_CPR1
103393	4.0	sk__Bacteria;k__;p__candidate_division_NC10;c__;o__;f__;g__Candidatus_Methylomirabilis
256288	1.0	sk__Bacteria;k__;p__candidate_division_WWE3
6794	581.0	sk__Chloroplast
10461	1.0	sk__Chloroplast;k__;p__;c__;o__;f__;g__;s__Solanum_melongena_(eggplant)
164928	18.0	sk__Chloroplast;k__;p__;c__;o__;f__;g__;s__uncultured_bacterium
233398	51.0	sk__Mitochondria
11812	4.0	sk__Mitochondria;k__;p__;c__;o__;f__;g__;s__metagenome
88503	7.0	sk__Mitochondria;k__;p__;c__;o__;f__;g__;s__uncultured_bacterium
