# Constructed from biom file
# OTU ID	SRR5450613	taxonomy
207119	716.0	sk__Archaea
87214	11.0	sk__Archaea;k__;p__Candidatus_Diapherotrites
161880	4.0	sk__Archaea;k__;p__Candidatus_Diapherotrites;c__;o__;f__;g__;s__Candidatus_Diapherotrites_archaeon_ADurb.Bin253
198880	1.0	sk__Archaea;k__;p__Candidatus_Verstraetearchaeota;c__Candidatus_Methanomethylia;o__Candidatus_Methanomethyliales
106128	2.0	sk__Archaea;k__;p__Candidatus_Verstraetearchaeota;c__Candidatus_Methanomethylia;o__Candidatus_Methanomethyliales;f__Candidatus_Methanomethyliaceae
39143	157.0	sk__Archaea;k__;p__Candidatus_Verstraetearchaeota;c__Candidatus_Methanomethylia;o__Candidatus_Methanomethyliales;f__Candidatus_Methanomethyliaceae;g__Candidatus_Methanomethylicus
33554	132.0	sk__Archaea;k__;p__Crenarchaeota
107380	1.0	sk__Archaea;k__;p__Euryarchaeota
134322	1.0	sk__Archaea;k__;p__Euryarchaeota;c__Methanobacteria;o__Methanobacteriales
85233	32.0	sk__Archaea;k__;p__Euryarchaeota;c__Methanobacteria;o__Methanobacteriales;f__Methanobacteriaceae
133302	607.0	sk__Archaea;k__;p__Euryarchaeota;c__Methanobacteria;o__Methanobacteriales;f__Methanobacteriaceae;g__Methanobacterium
161165	30.0	sk__Archaea;k__;p__Euryarchaeota;c__Methanomicrobia
131854	2.0	sk__Archaea;k__;p__Euryarchaeota;c__Methanomicrobia;o__Methanocellales;f__Methanocellaceae
73625	114.0	sk__Archaea;k__;p__Euryarchaeota;c__Methanomicrobia;o__Methanomicrobiales
81571	5.0	sk__Archaea;k__;p__Euryarchaeota;c__Methanomicrobia;o__Methanomicrobiales;f__Methanomicrobiaceae
242566	19.0	sk__Archaea;k__;p__Euryarchaeota;c__Methanomicrobia;o__Methanomicrobiales;f__Methanoregulaceae
164917	109.0	sk__Archaea;k__;p__Euryarchaeota;c__Methanomicrobia;o__Methanomicrobiales;f__Methanoregulaceae;g__Methanolinea
206302	265.0	sk__Archaea;k__;p__Euryarchaeota;c__Methanomicrobia;o__Methanomicrobiales;f__Methanoregulaceae;g__Methanoregula
62301	1.0	sk__Archaea;k__;p__Euryarchaeota;c__Methanomicrobia;o__Methanomicrobiales;f__Methanospirillaceae
171024	3.0	sk__Archaea;k__;p__Euryarchaeota;c__Methanomicrobia;o__Methanomicrobiales;f__Methanospirillaceae;g__Methanospirillum
264803	1.0	sk__Archaea;k__;p__Euryarchaeota;c__Methanomicrobia;o__Methanosarcinales
111078	219.0	sk__Archaea;k__;p__Euryarchaeota;c__Methanomicrobia;o__Methanosarcinales;f__Methanosaetaceae
106763	1.0	sk__Archaea;k__;p__Euryarchaeota;c__Methanomicrobia;o__Methanosarcinales;f__Methanosarcinaceae
208883	9.0	sk__Archaea;k__;p__Euryarchaeota;c__Methanomicrobia;o__Methanosarcinales;f__Methanosarcinaceae;g__Methanosarcina
135792	56.0	sk__Archaea;k__;p__Euryarchaeota;c__Thermococci
49361	499.0	sk__Archaea;k__;p__Euryarchaeota;c__Thermoplasmata
174221	48.0	sk__Archaea;k__;p__Euryarchaeota;c__Thermoplasmata;o__Methanomassiliicoccales;f__Methanomassiliicoccaceae
56501	55.0	sk__Archaea;k__;p__Euryarchaeota;c__Thermoplasmata;o__Methanomassiliicoccales;f__Methanomassiliicoccaceae;g__Methanomassiliicoccus
131704	2.0	sk__Archaea;k__;p__Thaumarchaeota;c__Nitrososphaeria;o__Nitrososphaerales;f__Nitrososphaeraceae
103181	5843.0	sk__Bacteria
189728	1.0	sk__Bacteria;k__;p__;c__;o__;f__;g__;s__Parcubacteria_group_bacterium_ADurb.Bin316
170767	34.0	sk__Bacteria;k__;p__;c__;o__;f__;g__;s__bacterium_enrichment_culture_clone_136(2011)
68728	2.0	sk__Bacteria;k__;p__;c__;o__;f__;g__;s__bacterium_enrichment_culture_clone_Anammox_55
20924	4.0	sk__Bacteria;k__;p__;c__;o__;f__;g__;s__bacterium_enrichment_culture_clone_LDC-11
130655	1.0	sk__Bacteria;k__;p__;c__;o__;f__;g__;s__bacterium_enrichment_culture_clone_SRAO_24
236873	2.0	sk__Bacteria;k__;p__;c__;o__;f__;g__;s__bacterium_enrichment_culture_clone_SRAO_37
115630	1.0	sk__Bacteria;k__;p__;c__;o__;f__;g__;s__candidate_division_TM6_bacterium_GW2011_GWF2_37_49
51614	3.0	sk__Bacteria;k__;p__;c__;o__;f__;g__;s__candidate_division_WOR-1_bacterium_RIFCSPHIGHO2_01_FULL_53_15
100373	1.0	sk__Bacteria;k__;p__;c__;o__;f__;g__;s__denitrifying_bacterium_enrichment_culture_clone_NOB_2_H7
117052	1.0	sk__Bacteria;k__;p__;c__;o__;f__;g__;s__iron-reducing_bacterium_enrichment_culture_clone_FEA_2_C3
105736	15.0	sk__Bacteria;k__;p__;c__;o__;f__;g__;s__iron-reducing_bacterium_enrichment_culture_clone_HN-HFO4
19700	2.0	sk__Bacteria;k__;p__;c__;o__;f__;g__;s__iron-reducing_bacterium_enrichment_culture_clone_HN105
137748	4.0	sk__Bacteria;k__;p__;c__;o__;f__;g__;s__iron-reducing_bacterium_enrichment_culture_clone_HN3
61472	1.0	sk__Bacteria;k__;p__;c__;o__;f__;g__;s__saltmarsh_clone_LCP-5
228993	1.0	sk__Bacteria;k__;p__;c__;o__;f__;g__Candidatus_Moduliflexus
146565	1.0	sk__Bacteria;k__;p__;c__;o__;f__;g__Candidatus_Moduliflexus;s__Candidatus_Moduliflexus_flocculans
185166	1.0	sk__Bacteria;k__;p__;c__;o__;f__;g__Vermiphilus
83222	2060.0	sk__Bacteria;k__;p__Acidobacteria
261456	11.0	sk__Bacteria;k__;p__Acidobacteria;c__;o__;f__;g__Thermoanaerobaculum
157408	44.0	sk__Bacteria;k__;p__Acidobacteria;c__Acidobacteriia
178728	20.0	sk__Bacteria;k__;p__Acidobacteria;c__Acidobacteriia;o__Acidobacteriales
126399	1.0	sk__Bacteria;k__;p__Acidobacteria;c__Acidobacteriia;o__Acidobacteriales;f__Acidobacteriaceae;g__Candidatus_Koribacter
128420	4.0	sk__Bacteria;k__;p__Acidobacteria;c__Blastocatellia
46957	1.0	sk__Bacteria;k__;p__Acidobacteria;c__Blastocatellia;o__;f__Pyrinomonadaceae
120758	15.0	sk__Bacteria;k__;p__Acidobacteria;c__Holophagae
230114	2.0	sk__Bacteria;k__;p__Acidobacteria;c__Holophagae;o__Holophagales
148225	118.0	sk__Bacteria;k__;p__Acidobacteria;c__Holophagae;o__Holophagales;f__Holophagaceae
17859	186.0	sk__Bacteria;k__;p__Acidobacteria;c__Holophagae;o__Holophagales;f__Holophagaceae;g__Geothrix
48576	10.0	sk__Bacteria;k__;p__Acidobacteria;c__Holophagae;o__Holophagales;f__Holophagaceae;g__Holophaga
13152	1.0	sk__Bacteria;k__;p__Acidobacteria;c__Solibacteres
199575	46.0	sk__Bacteria;k__;p__Acidobacteria;c__Solibacteres;o__Solibacterales
66164	5.0	sk__Bacteria;k__;p__Acidobacteria;c__Solibacteres;o__Solibacterales;f__Bryobacteraceae
160258	75.0	sk__Bacteria;k__;p__Acidobacteria;c__Solibacteres;o__Solibacterales;f__Bryobacteraceae;g__Bryobacter
219940	35.0	sk__Bacteria;k__;p__Acidobacteria;c__Solibacteres;o__Solibacterales;f__Bryobacteraceae;g__Paludibaculum
12061	7.0	sk__Bacteria;k__;p__Acidobacteria;c__Solibacteres;o__Solibacterales;f__Solibacteraceae
227456	35.0	sk__Bacteria;k__;p__Acidobacteria;c__Solibacteres;o__Solibacterales;f__Solibacteraceae;g__Candidatus_Solibacter
57104	536.0	sk__Bacteria;k__;p__Actinobacteria
127050	205.0	sk__Bacteria;k__;p__Actinobacteria;c__Acidimicrobiia
162670	1.0	sk__Bacteria;k__;p__Actinobacteria;c__Acidimicrobiia;o__Acidimicrobiales;f__Acidimicrobiaceae;g__Ilumatobacter
219738	24.0	sk__Bacteria;k__;p__Actinobacteria;c__Actinobacteria
261104	1.0	sk__Bacteria;k__;p__Actinobacteria;c__Actinobacteria;o__Actinomycetales
76593	36.0	sk__Bacteria;k__;p__Actinobacteria;c__Actinobacteria;o__Corynebacteriales
24669	14.0	sk__Bacteria;k__;p__Actinobacteria;c__Actinobacteria;o__Corynebacteriales;f__Corynebacteriaceae
254706	4.0	sk__Bacteria;k__;p__Actinobacteria;c__Actinobacteria;o__Corynebacteriales;f__Corynebacteriaceae;g__Corynebacterium
130761	4.0	sk__Bacteria;k__;p__Actinobacteria;c__Actinobacteria;o__Corynebacteriales;f__Gordoniaceae
77276	11.0	sk__Bacteria;k__;p__Actinobacteria;c__Actinobacteria;o__Corynebacteriales;f__Gordoniaceae;g__Gordonia
118973	5.0	sk__Bacteria;k__;p__Actinobacteria;c__Actinobacteria;o__Corynebacteriales;f__Mycobacteriaceae
112003	266.0	sk__Bacteria;k__;p__Actinobacteria;c__Actinobacteria;o__Corynebacteriales;f__Mycobacteriaceae;g__Mycobacterium
202203	15.0	sk__Bacteria;k__;p__Actinobacteria;c__Actinobacteria;o__Corynebacteriales;f__Nocardiaceae
219361	3.0	sk__Bacteria;k__;p__Actinobacteria;c__Actinobacteria;o__Corynebacteriales;f__Nocardiaceae;g__Rhodococcus
113271	5.0	sk__Bacteria;k__;p__Actinobacteria;c__Actinobacteria;o__Corynebacteriales;f__Tsukamurellaceae;g__Tsukamurella
234464	1.0	sk__Bacteria;k__;p__Actinobacteria;c__Actinobacteria;o__Frankiales
189688	1.0	sk__Bacteria;k__;p__Actinobacteria;c__Actinobacteria;o__Frankiales;f__Cryptosporangiaceae;g__Fodinicola
56356	1.0	sk__Bacteria;k__;p__Actinobacteria;c__Actinobacteria;o__Frankiales;f__Sporichthyaceae
217471	10.0	sk__Bacteria;k__;p__Actinobacteria;c__Actinobacteria;o__Micrococcales
72001	2.0	sk__Bacteria;k__;p__Actinobacteria;c__Actinobacteria;o__Micrococcales;f__Dermatophilaceae
231776	1.0	sk__Bacteria;k__;p__Actinobacteria;c__Actinobacteria;o__Micrococcales;f__Intrasporangiaceae
241754	5.0	sk__Bacteria;k__;p__Actinobacteria;c__Actinobacteria;o__Micrococcales;f__Microbacteriaceae
13443	38.0	sk__Bacteria;k__;p__Actinobacteria;c__Actinobacteria;o__Micrococcales;f__Micrococcaceae
59795	6.0	sk__Bacteria;k__;p__Actinobacteria;c__Actinobacteria;o__Micromonosporales;f__Micromonosporaceae
220566	1.0	sk__Bacteria;k__;p__Actinobacteria;c__Actinobacteria;o__Propionibacteriales;f__Nocardioidaceae;g__Nocardioides
204285	8.0	sk__Bacteria;k__;p__Actinobacteria;c__Actinobacteria;o__Propionibacteriales;f__Propionibacteriaceae
220031	1.0	sk__Bacteria;k__;p__Actinobacteria;c__Actinobacteria;o__Pseudonocardiales;f__Pseudonocardiaceae;g__Pseudonocardia
256848	11.0	sk__Bacteria;k__;p__Actinobacteria;c__Actinobacteria;o__Streptomycetales;f__Streptomycetaceae
164857	2.0	sk__Bacteria;k__;p__Actinobacteria;c__Actinobacteria;o__Streptomycetales;f__Streptomycetaceae;g__Streptomyces
35324	1.0	sk__Bacteria;k__;p__Actinobacteria;c__Actinobacteria;o__Streptosporangiales;f__Thermomonosporaceae;g__Actinoallomurus
79374	62.0	sk__Bacteria;k__;p__Actinobacteria;c__Coriobacteriia
231592	1.0	sk__Bacteria;k__;p__Actinobacteria;c__Rubrobacteria
174377	240.0	sk__Bacteria;k__;p__Actinobacteria;c__Rubrobacteria;o__Gaiellales
66665	1.0	sk__Bacteria;k__;p__Actinobacteria;c__Rubrobacteria;o__Gaiellales;f__Gaiellaceae
224895	1.0	sk__Bacteria;k__;p__Actinobacteria;c__Rubrobacteria;o__Gaiellales;f__Gaiellaceae;g__Gaiella
258537	1.0	sk__Bacteria;k__;p__Actinobacteria;c__Thermoleophilia
97979	14.0	sk__Bacteria;k__;p__Actinobacteria;c__Thermoleophilia;o__Solirubrobacterales
147010	5.0	sk__Bacteria;k__;p__Actinobacteria;c__Thermoleophilia;o__Solirubrobacterales;f__Conexibacteraceae;g__Conexibacter
233335	1.0	sk__Bacteria;k__;p__Actinobacteria;c__Thermoleophilia;o__Solirubrobacterales;f__Patulibacteraceae;g__Patulibacter
99513	4.0	sk__Bacteria;k__;p__Actinobacteria;c__Thermoleophilia;o__Solirubrobacterales;f__Solirubrobacteraceae;g__Solirubrobacter
243595	351.0	sk__Bacteria;k__;p__Armatimonadetes
199840	1.0	sk__Bacteria;k__;p__Armatimonadetes;c__Armatimonadia
247338	51.0	sk__Bacteria;k__;p__Armatimonadetes;c__Chthonomonadetes;o__Chthonomonadales
253779	1.0	sk__Bacteria;k__;p__Armatimonadetes;c__Fimbriimonadia;o__Fimbriimonadales
92330	7.0	sk__Bacteria;k__;p__Armatimonadetes;c__Fimbriimonadia;o__Fimbriimonadales;f__Fimbriimonadaceae
103906	27.0	sk__Bacteria;k__;p__Bacteroidetes
58038	14.0	sk__Bacteria;k__;p__Bacteroidetes;c__;o__;f__;g__;s__Bacteroidetes_bacterium_GWF2_49_14
225733	2.0	sk__Bacteria;k__;p__Bacteroidetes;c__Bacteroidia
232486	1941.0	sk__Bacteria;k__;p__Bacteroidetes;c__Bacteroidia;o__Bacteroidales
192138	1.0	sk__Bacteria;k__;p__Bacteroidetes;c__Bacteroidia;o__Bacteroidales;f__Bacteroidaceae;g__Bacteroides
190521	1100.0	sk__Bacteria;k__;p__Bacteroidetes;c__Bacteroidia;o__Bacteroidales;f__Lentimicrobiaceae
257124	3.0	sk__Bacteria;k__;p__Bacteroidetes;c__Bacteroidia;o__Bacteroidales;f__Lentimicrobiaceae;g__Lentimicrobium
3616	5.0	sk__Bacteria;k__;p__Bacteroidetes;c__Bacteroidia;o__Bacteroidales;f__Paludibacteraceae
175594	13.0	sk__Bacteria;k__;p__Bacteroidetes;c__Bacteroidia;o__Bacteroidales;f__Paludibacteraceae;g__Paludibacter
36836	261.0	sk__Bacteria;k__;p__Bacteroidetes;c__Bacteroidia;o__Bacteroidales;f__Rikenellaceae
245323	1.0	sk__Bacteria;k__;p__Bacteroidetes;c__Bacteroidia;o__Marinilabiliales
132537	203.0	sk__Bacteria;k__;p__Bacteroidetes;c__Bacteroidia;o__Marinilabiliales;f__Prolixibacteraceae
213826	1.0	sk__Bacteria;k__;p__Bacteroidetes;c__Bacteroidia;o__Marinilabiliales;f__Prolixibacteraceae;g__Draconibacterium
163180	4.0	sk__Bacteria;k__;p__Bacteroidetes;c__Bacteroidia;o__Marinilabiliales;f__Prolixibacteraceae;g__Roseimarinus
73614	38.0	sk__Bacteria;k__;p__Bacteroidetes;c__Chitinophagia;o__Chitinophagales
90282	28.0	sk__Bacteria;k__;p__Bacteroidetes;c__Chitinophagia;o__Chitinophagales;f__Chitinophagaceae
133483	19.0	sk__Bacteria;k__;p__Bacteroidetes;c__Chitinophagia;o__Chitinophagales;f__Chitinophagaceae;g__Dinghuibacter
66681	18.0	sk__Bacteria;k__;p__Bacteroidetes;c__Chitinophagia;o__Chitinophagales;f__Chitinophagaceae;g__Ferruginibacter
52054	118.0	sk__Bacteria;k__;p__Bacteroidetes;c__Chitinophagia;o__Chitinophagales;f__Chitinophagaceae;g__Flavihumibacter
168857	3.0	sk__Bacteria;k__;p__Bacteroidetes;c__Chitinophagia;o__Chitinophagales;f__Chitinophagaceae;g__Lacibacter
249027	3.0	sk__Bacteria;k__;p__Bacteroidetes;c__Chitinophagia;o__Chitinophagales;f__Chitinophagaceae;g__Sediminibacterium
69258	3.0	sk__Bacteria;k__;p__Bacteroidetes;c__Cytophagia;o__Cytophagales;f__;g__Chryseolinea
34946	2.0	sk__Bacteria;k__;p__Bacteroidetes;c__Cytophagia;o__Cytophagales;f__Amoebophilaceae;g__Candidatus_Amoebophilus
166377	1.0	sk__Bacteria;k__;p__Bacteroidetes;c__Cytophagia;o__Cytophagales;f__Cyclobacteriaceae
95550	34.0	sk__Bacteria;k__;p__Bacteroidetes;c__Cytophagia;o__Cytophagales;f__Microscillaceae
101910	1.0	sk__Bacteria;k__;p__Bacteroidetes;c__Flavobacteriia
64509	7.0	sk__Bacteria;k__;p__Bacteroidetes;c__Flavobacteriia;o__Flavobacteriales
88648	1.0	sk__Bacteria;k__;p__Bacteroidetes;c__Flavobacteriia;o__Flavobacteriales;f__Crocinitomicaceae
185862	1.0	sk__Bacteria;k__;p__Bacteroidetes;c__Flavobacteriia;o__Flavobacteriales;f__Crocinitomicaceae;g__Fluviicola
69372	1.0	sk__Bacteria;k__;p__Bacteroidetes;c__Flavobacteriia;o__Flavobacteriales;f__Flavobacteriaceae;g__Cloacibacterium
178727	33.0	sk__Bacteria;k__;p__Bacteroidetes;c__Flavobacteriia;o__Flavobacteriales;f__Flavobacteriaceae;g__Flavobacterium
261148	6.0	sk__Bacteria;k__;p__Bacteroidetes;c__Flavobacteriia;o__Flavobacteriales;f__Flavobacteriaceae;g__Maritimimonas
124698	5.0	sk__Bacteria;k__;p__Bacteroidetes;c__Saprospiria;o__Saprospirales;f__Saprospiraceae
131089	70.0	sk__Bacteria;k__;p__Bacteroidetes;c__Sphingobacteriia;o__Sphingobacteriales
114718	2.0	sk__Bacteria;k__;p__Bacteroidetes;c__Sphingobacteriia;o__Sphingobacteriales;f__Sphingobacteriaceae
61613	2.0	sk__Bacteria;k__;p__Bacteroidetes;c__Sphingobacteriia;o__Sphingobacteriales;f__Sphingobacteriaceae;g__Solitalea
12002	3.0	sk__Bacteria;k__;p__Caldiserica
52407	248.0	sk__Bacteria;k__;p__Caldiserica;c__Caldisericia;o__Caldisericales
102969	301.0	sk__Bacteria;k__;p__Caldiserica;c__Caldisericia;o__Caldisericales;f__Caldisericaceae
17823	1502.0	sk__Bacteria;k__;p__Caldiserica;c__Caldisericia;o__Caldisericales;f__Caldisericaceae;g__Caldisericum
30572	3.0	sk__Bacteria;k__;p__Calditrichaeota;c__Calditrichae;o__Calditrichales
260640	104.0	sk__Bacteria;k__;p__Calditrichaeota;c__Calditrichae;o__Calditrichales;f__Calditrichaceae
229632	5.0	sk__Bacteria;k__;p__Candidatus_Adlerbacteria
27402	9.0	sk__Bacteria;k__;p__Candidatus_Atribacteria
7749	1.0	sk__Bacteria;k__;p__Candidatus_Azambacteria
58134	4.0	sk__Bacteria;k__;p__Candidatus_Berkelbacteria
109091	4.0	sk__Bacteria;k__;p__Candidatus_Cloacimonetes;c__;o__;f__;g__Candidatus_Cloacimonas
121626	3.0	sk__Bacteria;k__;p__Candidatus_Collierbacteria
125172	3.0	sk__Bacteria;k__;p__Candidatus_Colwellbacteria
125820	7.0	sk__Bacteria;k__;p__Candidatus_Desantisbacteria
29926	17.0	sk__Bacteria;k__;p__Candidatus_Desantisbacteria;c__;o__;f__;g__;s__Candidatus_Desantisbacteria_bacterium_CG1_02_49_89
29945	27.0	sk__Bacteria;k__;p__Candidatus_Falkowbacteria
169818	6.0	sk__Bacteria;k__;p__Candidatus_Fischerbacteria
194267	1.0	sk__Bacteria;k__;p__Candidatus_Fischerbacteria;c__;o__;f__;g__;s__Candidatus_Fischerbacteria_bacterium_RBG_13_37_8
84102	1.0	sk__Bacteria;k__;p__Candidatus_Giovannonibacteria
222105	1.0	sk__Bacteria;k__;p__Candidatus_Gottesmanbacteria
143276	2.0	sk__Bacteria;k__;p__Candidatus_Harrisonbacteria
187057	7.0	sk__Bacteria;k__;p__Candidatus_Jorgensenbacteria
238673	1.0	sk__Bacteria;k__;p__Candidatus_Kaiserbacteria
232025	43.0	sk__Bacteria;k__;p__Candidatus_Kerfeldbacteria
157745	3.0	sk__Bacteria;k__;p__Candidatus_Komeilibacteria
251513	1.0	sk__Bacteria;k__;p__Candidatus_Kuenenbacteria
142795	67.0	sk__Bacteria;k__;p__Candidatus_Latescibacteria
17705	112.0	sk__Bacteria;k__;p__Candidatus_Latescibacteria;c__;o__;f__;g__Candidatus_Latescibacter
44574	2.0	sk__Bacteria;k__;p__Candidatus_Latescibacteria;c__;o__;f__;g__Candidatus_Latescibacter;s__Candidatus_Latescibacter_anaerobius
137964	96.0	sk__Bacteria;k__;p__Candidatus_Magasanikbacteria
145354	5.0	sk__Bacteria;k__;p__Candidatus_Melainabacteria
36485	1.0	sk__Bacteria;k__;p__Candidatus_Melainabacteria;c__;o__;f__;g__;s__Candidatus_Melainabacteria_bacterium_GWA2_34_9
253909	3.0	sk__Bacteria;k__;p__Candidatus_Melainabacteria;c__;o__;f__;g__Vampirovibrio;s__Vampirovibrio_chlorellavorus
113127	21.0	sk__Bacteria;k__;p__Candidatus_Moranbacteria
60976	4.0	sk__Bacteria;k__;p__Candidatus_Nealsonbacteria
26706	23.0	sk__Bacteria;k__;p__Candidatus_Nomurabacteria
240133	24.0	sk__Bacteria;k__;p__Candidatus_Omnitrophica
45	3.0	sk__Bacteria;k__;p__Candidatus_Omnitrophica;c__;o__;f__;g__;s__Omnitrophica_WOR_2_bacterium_RBG_13_44_8
27835	2.0	sk__Bacteria;k__;p__Candidatus_Omnitrophica;c__;o__;f__;g__;s__Omnitrophica_bacterium_RIFOXYB12_FULL_50_7
198824	91.0	sk__Bacteria;k__;p__Candidatus_Omnitrophica;c__;o__;f__;g__Candidatus_Omnitrophus
2041	14.0	sk__Bacteria;k__;p__Candidatus_Parcubacteria
221529	3.0	sk__Bacteria;k__;p__Candidatus_Peregrinibacteria
23528	10.0	sk__Bacteria;k__;p__Candidatus_Peregrinibacteria;c__Candidatus_Peribacteria
216116	2.0	sk__Bacteria;k__;p__Candidatus_Schekmanbacteria
265475	4.0	sk__Bacteria;k__;p__Candidatus_Shapirobacteria
208739	12.0	sk__Bacteria;k__;p__Candidatus_Staskawiczbacteria
145651	6.0	sk__Bacteria;k__;p__Candidatus_Vogelbacteria
224664	28.0	sk__Bacteria;k__;p__Candidatus_Woesebacteria
231263	1.0	sk__Bacteria;k__;p__Candidatus_Wolfebacteria
100500	34.0	sk__Bacteria;k__;p__Candidatus_Yanofskybacteria
134013	2.0	sk__Bacteria;k__;p__Candidatus_Zambryskibacteria
167311	67.0	sk__Bacteria;k__;p__Chlamydiae
27786	9.0	sk__Bacteria;k__;p__Chlamydiae;c__Chlamydiia
207549	24.0	sk__Bacteria;k__;p__Chlamydiae;c__Chlamydiia;o__Chlamydiales
18418	1.0	sk__Bacteria;k__;p__Chlamydiae;c__Chlamydiia;o__Chlamydiales;f__Chlamydiaceae
49520	37.0	sk__Bacteria;k__;p__Chlamydiae;c__Chlamydiia;o__Parachlamydiales
139050	1.0	sk__Bacteria;k__;p__Chlamydiae;c__Chlamydiia;o__Parachlamydiales;f__Criblamydiaceae
94546	65.0	sk__Bacteria;k__;p__Chlamydiae;c__Chlamydiia;o__Parachlamydiales;f__Parachlamydiaceae
46534	1.0	sk__Bacteria;k__;p__Chlamydiae;c__Chlamydiia;o__Parachlamydiales;f__Parachlamydiaceae;g__Candidatus_Metachlamydia
44035	9.0	sk__Bacteria;k__;p__Chlamydiae;c__Chlamydiia;o__Parachlamydiales;f__Parachlamydiaceae;g__Candidatus_Protochlamydia
210666	52.0	sk__Bacteria;k__;p__Chlamydiae;c__Chlamydiia;o__Parachlamydiales;f__Parachlamydiaceae;g__Neochlamydia
50511	1.0	sk__Bacteria;k__;p__Chlamydiae;c__Chlamydiia;o__Parachlamydiales;f__Parachlamydiaceae;g__Parachlamydia
22050	2.0	sk__Bacteria;k__;p__Chlamydiae;c__Chlamydiia;o__Parachlamydiales;f__Rhabdochlamydiaceae;g__Candidatus_Renichlamydia
69774	4.0	sk__Bacteria;k__;p__Chlamydiae;c__Chlamydiia;o__Parachlamydiales;f__Simkaniaceae
58904	5.0	sk__Bacteria;k__;p__Chlamydiae;c__Chlamydiia;o__Parachlamydiales;f__Waddliaceae;g__Waddlia
38281	1.0	sk__Bacteria;k__;p__Chlorobi;c__Chlorobia;o__Chlorobiales;f__Chlorobiaceae;g__Chlorobaculum
78943	104.0	sk__Bacteria;k__;p__Chloroflexi
684	1.0	sk__Bacteria;k__;p__Chloroflexi;c__;o__;f__;g__;s__Chloroflexi_bacterium_ET1
48548	11.0	sk__Bacteria;k__;p__Chloroflexi;c__;o__;f__;g__;s__Chloroflexi_bacterium_RBG_16_58_14
25843	990.0	sk__Bacteria;k__;p__Chloroflexi;c__Anaerolineae
156482	37.0	sk__Bacteria;k__;p__Chloroflexi;c__Anaerolineae;o__Anaerolineales
55552	3746.0	sk__Bacteria;k__;p__Chloroflexi;c__Anaerolineae;o__Anaerolineales;f__Anaerolineaceae
95204	217.0	sk__Bacteria;k__;p__Chloroflexi;c__Anaerolineae;o__Anaerolineales;f__Anaerolineaceae;g__Anaerolinea
41800	15.0	sk__Bacteria;k__;p__Chloroflexi;c__Anaerolineae;o__Anaerolineales;f__Anaerolineaceae;g__Flexilinea
56431	242.0	sk__Bacteria;k__;p__Chloroflexi;c__Anaerolineae;o__Anaerolineales;f__Anaerolineaceae;g__Leptolinea
122752	53.0	sk__Bacteria;k__;p__Chloroflexi;c__Anaerolineae;o__Anaerolineales;f__Anaerolineaceae;g__Levilinea
41793	175.0	sk__Bacteria;k__;p__Chloroflexi;c__Anaerolineae;o__Anaerolineales;f__Anaerolineaceae;g__Longilinea
112313	10.0	sk__Bacteria;k__;p__Chloroflexi;c__Anaerolineae;o__Anaerolineales;f__Anaerolineaceae;g__Ornatilinea
159032	443.0	sk__Bacteria;k__;p__Chloroflexi;c__Anaerolineae;o__Anaerolineales;f__Anaerolineaceae;g__Pelolinea
261881	2.0	sk__Bacteria;k__;p__Chloroflexi;c__Anaerolineae;o__Anaerolineales;f__Anaerolineaceae;g__Pelolinea;s__Pelolinea_submarina
59476	9.0	sk__Bacteria;k__;p__Chloroflexi;c__Ardenticatenia;o__Ardenticatenales
196664	1.0	sk__Bacteria;k__;p__Chloroflexi;c__Caldilineae;o__Caldilineales
226625	18.0	sk__Bacteria;k__;p__Chloroflexi;c__Caldilineae;o__Caldilineales;f__Caldilineaceae
204863	1.0	sk__Bacteria;k__;p__Chloroflexi;c__Caldilineae;o__Caldilineales;f__Caldilineaceae;g__Caldilinea
242736	3.0	sk__Bacteria;k__;p__Chloroflexi;c__Chloroflexia;o__Chloroflexales
197525	754.0	sk__Bacteria;k__;p__Chloroflexi;c__Dehalococcoidia
27977	16.0	sk__Bacteria;k__;p__Chloroflexi;c__Dehalococcoidia;o__Dehalococcoidales
152335	2.0	sk__Bacteria;k__;p__Chloroflexi;c__Dehalococcoidia;o__Dehalococcoidales;f__Dehalococcoidaceae;g__Dehalococcoides
29714	104.0	sk__Bacteria;k__;p__Chloroflexi;c__Thermomicrobia;o__Thermomicrobiales
157715	312.0	sk__Bacteria;k__;p__Cyanobacteria
17381	1.0	sk__Bacteria;k__;p__Cyanobacteria;c__;o__Chroococcales
87254	3.0	sk__Bacteria;k__;p__Cyanobacteria;c__;o__Chroococcales;f__Microcystaceae
82609	64.0	sk__Bacteria;k__;p__Cyanobacteria;c__;o__Chroococcales;f__Microcystaceae;g__Microcystis
196437	14.0	sk__Bacteria;k__;p__Cyanobacteria;c__;o__Nostocales
99654	10.0	sk__Bacteria;k__;p__Cyanobacteria;c__;o__Nostocales;f__Aphanizomenonaceae
157508	4.0	sk__Bacteria;k__;p__Cyanobacteria;c__;o__Nostocales;f__Aphanizomenonaceae;g__Anabaenopsis
232896	7.0	sk__Bacteria;k__;p__Cyanobacteria;c__;o__Nostocales;f__Nostocaceae
229399	3.0	sk__Bacteria;k__;p__Cyanobacteria;c__;o__Nostocales;f__Nostocaceae;g__Nostoc
265307	9.0	sk__Bacteria;k__;p__Cyanobacteria;c__;o__Oscillatoriales
227739	15.0	sk__Bacteria;k__;p__Cyanobacteria;c__;o__Synechococcales
636	4.0	sk__Bacteria;k__;p__Cyanobacteria;c__;o__Synechococcales;f__Pseudanabaenaceae;g__Limnothrix
29321	1.0	sk__Bacteria;k__;p__Cyanobacteria;c__;o__Synechococcales;f__Synechococcaceae
100725	3.0	sk__Bacteria;k__;p__Elusimicrobia
83972	70.0	sk__Bacteria;k__;p__Elusimicrobia;c__Elusimicrobia
13530	1.0	sk__Bacteria;k__;p__Elusimicrobia;c__Endomicrobia;o__Endomicrobiales
74858	9.0	sk__Bacteria;k__;p__Elusimicrobia;c__Endomicrobia;o__Endomicrobiales;f__Endomicrobiaceae
78539	24.0	sk__Bacteria;k__;p__Fibrobacteres;c__Chitinivibrionia
22632	1.0	sk__Bacteria;k__;p__Fibrobacteres;c__Chitinivibrionia;o__Chitinivibrionales
201118	41.0	sk__Bacteria;k__;p__Fibrobacteres;c__Fibrobacteria;o__Fibrobacterales
10473	58.0	sk__Bacteria;k__;p__Firmicutes
165338	11.0	sk__Bacteria;k__;p__Firmicutes;c__;o__;f__;g__Hydrogenispora
409	101.0	sk__Bacteria;k__;p__Firmicutes;c__Bacilli
157587	109.0	sk__Bacteria;k__;p__Firmicutes;c__Bacilli;o__Bacillales
102789	3.0	sk__Bacteria;k__;p__Firmicutes;c__Bacilli;o__Bacillales;f__Alicyclobacillaceae
126072	2.0	sk__Bacteria;k__;p__Firmicutes;c__Bacilli;o__Bacillales;f__Alicyclobacillaceae;g__Alicyclobacillus
75952	16.0	sk__Bacteria;k__;p__Firmicutes;c__Bacilli;o__Bacillales;f__Alicyclobacillaceae;g__Tumebacillus
174245	44.0	sk__Bacteria;k__;p__Firmicutes;c__Bacilli;o__Bacillales;f__Bacillaceae
124068	22.0	sk__Bacteria;k__;p__Firmicutes;c__Bacilli;o__Bacillales;f__Bacillaceae;g__Bacillus
186273	11.0	sk__Bacteria;k__;p__Firmicutes;c__Bacilli;o__Bacillales;f__Paenibacillaceae
30228	2.0	sk__Bacteria;k__;p__Firmicutes;c__Bacilli;o__Bacillales;f__Paenibacillaceae;g__Brevibacillus
167627	64.0	sk__Bacteria;k__;p__Firmicutes;c__Bacilli;o__Bacillales;f__Paenibacillaceae;g__Paenibacillus
93789	8.0	sk__Bacteria;k__;p__Firmicutes;c__Bacilli;o__Bacillales;f__Pasteuriaceae;g__Pasteuria
71376	8.0	sk__Bacteria;k__;p__Firmicutes;c__Bacilli;o__Bacillales;f__Planococcaceae
124042	1.0	sk__Bacteria;k__;p__Firmicutes;c__Bacilli;o__Bacillales;f__Thermoactinomycetaceae
261145	1.0	sk__Bacteria;k__;p__Firmicutes;c__Bacilli;o__Lactobacillales
72039	1.0	sk__Bacteria;k__;p__Firmicutes;c__Bacilli;o__Lactobacillales;f__Lactobacillaceae;g__Lactobacillus
219374	103.0	sk__Bacteria;k__;p__Firmicutes;c__Clostridia
254595	3475.0	sk__Bacteria;k__;p__Firmicutes;c__Clostridia;o__Clostridiales
251848	20.0	sk__Bacteria;k__;p__Firmicutes;c__Clostridia;o__Clostridiales;f__;g__Epulopiscium
85197	1.0	sk__Bacteria;k__;p__Firmicutes;c__Clostridia;o__Clostridiales;f__Caldicoprobacteraceae;g__Caldicoprobacter
244444	121.0	sk__Bacteria;k__;p__Firmicutes;c__Clostridia;o__Clostridiales;f__Christensenellaceae
25354	133.0	sk__Bacteria;k__;p__Firmicutes;c__Clostridia;o__Clostridiales;f__Clostridiaceae
92353	3.0	sk__Bacteria;k__;p__Firmicutes;c__Clostridia;o__Clostridiales;f__Clostridiaceae;g__Caloramator
38947	174.0	sk__Bacteria;k__;p__Firmicutes;c__Clostridia;o__Clostridiales;f__Clostridiaceae;g__Clostridium
189189	2.0	sk__Bacteria;k__;p__Firmicutes;c__Clostridia;o__Clostridiales;f__Clostridiaceae;g__Clostridium;s__Clostridium_chauvoei
229873	1.0	sk__Bacteria;k__;p__Firmicutes;c__Clostridia;o__Clostridiales;f__Clostridiaceae;g__Clostridium;s__Clostridium_sp._ND2
117774	1.0	sk__Bacteria;k__;p__Firmicutes;c__Clostridia;o__Clostridiales;f__Clostridiaceae;g__Fervidicella
220405	346.0	sk__Bacteria;k__;p__Firmicutes;c__Clostridia;o__Clostridiales;f__Clostridiaceae;g__Fonticella
230124	1.0	sk__Bacteria;k__;p__Firmicutes;c__Clostridia;o__Clostridiales;f__Clostridiaceae;g__Hathewaya
24071	35.0	sk__Bacteria;k__;p__Firmicutes;c__Clostridia;o__Clostridiales;f__Clostridiaceae;g__Lutispora
2529	3.0	sk__Bacteria;k__;p__Firmicutes;c__Clostridia;o__Clostridiales;f__Clostridiaceae;g__Oceanirhabdus
128064	84.0	sk__Bacteria;k__;p__Firmicutes;c__Clostridia;o__Clostridiales;f__Clostridiaceae;g__Oxobacter
14756	2.0	sk__Bacteria;k__;p__Firmicutes;c__Clostridia;o__Clostridiales;f__Clostridiaceae;g__Thermobrachium
100588	16.0	sk__Bacteria;k__;p__Firmicutes;c__Clostridia;o__Clostridiales;f__Clostridiales_Family_XII._Incertae_Sedis
151082	52.0	sk__Bacteria;k__;p__Firmicutes;c__Clostridia;o__Clostridiales;f__Clostridiales_Family_XII._Incertae_Sedis;g__Acidaminobacter
21641	2.0	sk__Bacteria;k__;p__Firmicutes;c__Clostridia;o__Clostridiales;f__Clostridiales_Family_XII._Incertae_Sedis;g__Fusibacter
138336	19.0	sk__Bacteria;k__;p__Firmicutes;c__Clostridia;o__Clostridiales;f__Clostridiales_Family_XIII._Incertae_Sedis;g__Anaerovorax
138150	6.0	sk__Bacteria;k__;p__Firmicutes;c__Clostridia;o__Clostridiales;f__Defluviitaleaceae
108812	1.0	sk__Bacteria;k__;p__Firmicutes;c__Clostridia;o__Clostridiales;f__Eubacteriaceae
121802	1.0	sk__Bacteria;k__;p__Firmicutes;c__Clostridia;o__Clostridiales;f__Eubacteriaceae;g__Alkalibacter
53990	17.0	sk__Bacteria;k__;p__Firmicutes;c__Clostridia;o__Clostridiales;f__Gracilibacteraceae
212129	13.0	sk__Bacteria;k__;p__Firmicutes;c__Clostridia;o__Clostridiales;f__Gracilibacteraceae;g__Gracilibacter
109872	2.0	sk__Bacteria;k__;p__Firmicutes;c__Clostridia;o__Clostridiales;f__Heliobacteriaceae;g__Heliophilum
157471	5.0	sk__Bacteria;k__;p__Firmicutes;c__Clostridia;o__Clostridiales;f__Heliobacteriaceae;g__Heliophilum;s__Heliophilum_fasciatum
71581	113.0	sk__Bacteria;k__;p__Firmicutes;c__Clostridia;o__Clostridiales;f__Lachnospiraceae
51641	2.0	sk__Bacteria;k__;p__Firmicutes;c__Clostridia;o__Clostridiales;f__Lachnospiraceae;g__Anaerosporobacter
30468	2.0	sk__Bacteria;k__;p__Firmicutes;c__Clostridia;o__Clostridiales;f__Lachnospiraceae;g__Anaerostipes
78249	1.0	sk__Bacteria;k__;p__Firmicutes;c__Clostridia;o__Clostridiales;f__Lachnospiraceae;g__Butyrivibrio
219992	11.0	sk__Bacteria;k__;p__Firmicutes;c__Clostridia;o__Clostridiales;f__Lachnospiraceae;g__Cellulosilyticum
43136	1.0	sk__Bacteria;k__;p__Firmicutes;c__Clostridia;o__Clostridiales;f__Lachnospiraceae;g__Herbinix
1712	2.0	sk__Bacteria;k__;p__Firmicutes;c__Clostridia;o__Clostridiales;f__Lachnospiraceae;g__Niameybacter;s__Niameybacter_massiliensis
179079	4.0	sk__Bacteria;k__;p__Firmicutes;c__Clostridia;o__Clostridiales;f__Lachnospiraceae;g__Roseburia
96708	2.0	sk__Bacteria;k__;p__Firmicutes;c__Clostridia;o__Clostridiales;f__Lachnospiraceae;g__Tyzzerella
11568	140.0	sk__Bacteria;k__;p__Firmicutes;c__Clostridia;o__Clostridiales;f__Peptococcaceae
240365	41.0	sk__Bacteria;k__;p__Firmicutes;c__Clostridia;o__Clostridiales;f__Peptococcaceae;g__Cryptanaerobacter
212029	3.0	sk__Bacteria;k__;p__Firmicutes;c__Clostridia;o__Clostridiales;f__Peptococcaceae;g__Dehalobacter
17879	7.0	sk__Bacteria;k__;p__Firmicutes;c__Clostridia;o__Clostridiales;f__Peptococcaceae;g__Desulfitobacterium
170374	77.0	sk__Bacteria;k__;p__Firmicutes;c__Clostridia;o__Clostridiales;f__Peptococcaceae;g__Desulfosporosinus
136405	16.0	sk__Bacteria;k__;p__Firmicutes;c__Clostridia;o__Clostridiales;f__Peptococcaceae;g__Desulfotomaculum
197677	1.0	sk__Bacteria;k__;p__Firmicutes;c__Clostridia;o__Clostridiales;f__Peptococcaceae;g__Desulfurispora
215044	1.0	sk__Bacteria;k__;p__Firmicutes;c__Clostridia;o__Clostridiales;f__Peptococcaceae;g__Pelotomaculum
101179	1.0	sk__Bacteria;k__;p__Firmicutes;c__Clostridia;o__Clostridiales;f__Peptococcaceae;g__Peptococcus
44913	48.0	sk__Bacteria;k__;p__Firmicutes;c__Clostridia;o__Clostridiales;f__Peptostreptococcaceae
127137	3.0	sk__Bacteria;k__;p__Firmicutes;c__Clostridia;o__Clostridiales;f__Peptostreptococcaceae;g__;s__Peptostreptococcaceae_bacterium_VA2
216071	3.0	sk__Bacteria;k__;p__Firmicutes;c__Clostridia;o__Clostridiales;f__Peptostreptococcaceae;g__Clostridioides;s__Clostridioides_difficile
140306	3.0	sk__Bacteria;k__;p__Firmicutes;c__Clostridia;o__Clostridiales;f__Peptostreptococcaceae;g__Intestinibacter
167925	426.0	sk__Bacteria;k__;p__Firmicutes;c__Clostridia;o__Clostridiales;f__Peptostreptococcaceae;g__Romboutsia
261552	2.0	sk__Bacteria;k__;p__Firmicutes;c__Clostridia;o__Clostridiales;f__Peptostreptococcaceae;g__Romboutsia;s__Romboutsia_sp._MT17
159381	18.0	sk__Bacteria;k__;p__Firmicutes;c__Clostridia;o__Clostridiales;f__Peptostreptococcaceae;g__Sporacetigenium
190529	8.0	sk__Bacteria;k__;p__Firmicutes;c__Clostridia;o__Clostridiales;f__Peptostreptococcaceae;g__Terrisporobacter
21407	1332.0	sk__Bacteria;k__;p__Firmicutes;c__Clostridia;o__Clostridiales;f__Ruminococcaceae
136087	15.0	sk__Bacteria;k__;p__Firmicutes;c__Clostridia;o__Clostridiales;f__Ruminococcaceae;g__Anaerobacterium
190435	3.0	sk__Bacteria;k__;p__Firmicutes;c__Clostridia;o__Clostridiales;f__Ruminococcaceae;g__Caproiciproducens
208512	1.0	sk__Bacteria;k__;p__Firmicutes;c__Clostridia;o__Clostridiales;f__Ruminococcaceae;g__Ethanoligenens
57078	4.0	sk__Bacteria;k__;p__Firmicutes;c__Clostridia;o__Clostridiales;f__Ruminococcaceae;g__Faecalibacterium
146247	2.0	sk__Bacteria;k__;p__Firmicutes;c__Clostridia;o__Clostridiales;f__Ruminococcaceae;g__Fastidiosipila
109985	9.0	sk__Bacteria;k__;p__Firmicutes;c__Clostridia;o__Clostridiales;f__Ruminococcaceae;g__Papillibacter
134196	2.0	sk__Bacteria;k__;p__Firmicutes;c__Clostridia;o__Clostridiales;f__Ruminococcaceae;g__Pseudobacteroides
171202	19.0	sk__Bacteria;k__;p__Firmicutes;c__Clostridia;o__Clostridiales;f__Ruminococcaceae;g__Ruminiclostridium
16349	1.0	sk__Bacteria;k__;p__Firmicutes;c__Clostridia;o__Clostridiales;f__Ruminococcaceae;g__Ruminococcus
5729	5.0	sk__Bacteria;k__;p__Firmicutes;c__Clostridia;o__Clostridiales;f__Ruminococcaceae;g__Saccharofermentans
232262	1.0	sk__Bacteria;k__;p__Firmicutes;c__Clostridia;o__Clostridiales;f__Ruminococcaceae;g__Sporobacter
102515	2.0	sk__Bacteria;k__;p__Firmicutes;c__Clostridia;o__Clostridiales;f__Ruminococcaceae;g__Subdoligranulum
216521	245.0	sk__Bacteria;k__;p__Firmicutes;c__Clostridia;o__Clostridiales;f__Syntrophomonadaceae
34217	1.0	sk__Bacteria;k__;p__Firmicutes;c__Clostridia;o__Clostridiales;f__Syntrophomonadaceae;g__Dethiobacter
215094	20.0	sk__Bacteria;k__;p__Firmicutes;c__Clostridia;o__Clostridiales;f__Syntrophomonadaceae;g__Pelospora
152932	285.0	sk__Bacteria;k__;p__Firmicutes;c__Clostridia;o__Clostridiales;f__Syntrophomonadaceae;g__Syntrophomonas
70935	1.0	sk__Bacteria;k__;p__Firmicutes;c__Clostridia;o__Halanaerobiales
108727	18.0	sk__Bacteria;k__;p__Firmicutes;c__Clostridia;o__Halanaerobiales;f__Halobacteroidaceae
217487	1.0	sk__Bacteria;k__;p__Firmicutes;c__Clostridia;o__Natranaerobiales
233924	8.0	sk__Bacteria;k__;p__Firmicutes;c__Clostridia;o__Thermoanaerobacterales
74214	1.0	sk__Bacteria;k__;p__Firmicutes;c__Clostridia;o__Thermoanaerobacterales;f__Thermoanaerobacteraceae
173955	1.0	sk__Bacteria;k__;p__Firmicutes;c__Clostridia;o__Thermoanaerobacterales;f__Thermoanaerobacteraceae;g__Caldanaerobius
255655	1.0	sk__Bacteria;k__;p__Firmicutes;c__Clostridia;o__Thermoanaerobacterales;f__Thermodesulfobiaceae;g__Coprothermobacter
163518	1.0	sk__Bacteria;k__;p__Firmicutes;c__Erysipelotrichia
77393	5.0	sk__Bacteria;k__;p__Firmicutes;c__Erysipelotrichia;o__Erysipelotrichales;f__Erysipelotrichaceae
187006	355.0	sk__Bacteria;k__;p__Firmicutes;c__Erysipelotrichia;o__Erysipelotrichales;f__Erysipelotrichaceae;g__Turicibacter
84692	1.0	sk__Bacteria;k__;p__Firmicutes;c__Erysipelotrichia;o__Erysipelotrichales;f__Erysipelotrichaceae;g__Turicibacter;s__Turicibacter_sanguinis
127256	3.0	sk__Bacteria;k__;p__Firmicutes;c__Negativicutes
98668	1.0	sk__Bacteria;k__;p__Firmicutes;c__Negativicutes;o__Acidaminococcales
210390	28.0	sk__Bacteria;k__;p__Firmicutes;c__Negativicutes;o__Acidaminococcales;f__Acidaminococcaceae
140705	2.0	sk__Bacteria;k__;p__Firmicutes;c__Negativicutes;o__Selenomonadales
238550	2.0	sk__Bacteria;k__;p__Firmicutes;c__Negativicutes;o__Selenomonadales;f__Sporomusaceae
186237	1.0	sk__Bacteria;k__;p__Firmicutes;c__Negativicutes;o__Selenomonadales;f__Sporomusaceae;g__Acetonema
250287	2.0	sk__Bacteria;k__;p__Firmicutes;c__Negativicutes;o__Selenomonadales;f__Sporomusaceae;g__Anaerosporomusa
208700	5.0	sk__Bacteria;k__;p__Firmicutes;c__Negativicutes;o__Selenomonadales;f__Sporomusaceae;g__Pelosinus
70528	11.0	sk__Bacteria;k__;p__Firmicutes;c__Negativicutes;o__Selenomonadales;f__Sporomusaceae;g__Sporomusa
211881	1.0	sk__Bacteria;k__;p__Firmicutes;c__Negativicutes;o__Veillonellales
184191	40.0	sk__Bacteria;k__;p__Firmicutes;c__Negativicutes;o__Veillonellales;f__Veillonellaceae
264212	31.0	sk__Bacteria;k__;p__Firmicutes;c__Tissierellia
156497	17.0	sk__Bacteria;k__;p__Firmicutes;c__Tissierellia;o__;f__;g__Sedimentibacter
187521	1.0	sk__Bacteria;k__;p__Firmicutes;c__Tissierellia;o__Tissierellales
261769	1.0	sk__Bacteria;k__;p__Firmicutes;c__Tissierellia;o__Tissierellales;f__Gottschalkiaceae;g__Gottschalkia
225929	1.0	sk__Bacteria;k__;p__Fusobacteria;c__Fusobacteriia;o__Fusobacteriales;f__Leptotrichiaceae
62872	33.0	sk__Bacteria;k__;p__Gemmatimonadetes;c__Gemmatimonadetes
53201	6.0	sk__Bacteria;k__;p__Gemmatimonadetes;c__Gemmatimonadetes;o__Gemmatimonadales;f__Gemmatimonadaceae
151009	5.0	sk__Bacteria;k__;p__Gemmatimonadetes;c__Gemmatimonadetes;o__Gemmatimonadales;f__Gemmatimonadaceae;g__Gemmatimonas
65480	1.0	sk__Bacteria;k__;p__Ignavibacteriae
222854	508.0	sk__Bacteria;k__;p__Ignavibacteriae;c__Ignavibacteria
179629	113.0	sk__Bacteria;k__;p__Ignavibacteriae;c__Ignavibacteria;o__Ignavibacteriales
260263	4.0	sk__Bacteria;k__;p__Ignavibacteriae;c__Ignavibacteria;o__Ignavibacteriales;f__Ignavibacteriaceae
2538	214.0	sk__Bacteria;k__;p__Ignavibacteriae;c__Ignavibacteria;o__Ignavibacteriales;f__Ignavibacteriaceae;g__Ignavibacterium
167065	139.0	sk__Bacteria;k__;p__Kiritimatiellaeota;c__Kiritimatiellae
163890	1.0	sk__Bacteria;k__;p__Kiritimatiellaeota;c__Kiritimatiellae;o__Kiritimatiellales
260520	2.0	sk__Bacteria;k__;p__Kiritimatiellaeota;c__Kiritimatiellae;o__Kiritimatiellales;f__Kiritimatiellaceae
147736	4.0	sk__Bacteria;k__;p__Lentisphaerae
158251	4.0	sk__Bacteria;k__;p__Lentisphaerae;c__;o__;f__;g__;s__Lentisphaerae_bacterium_GWF2_50_93
232457	12.0	sk__Bacteria;k__;p__Lentisphaerae;c__Lentisphaeria;o__Victivallales
184221	12.0	sk__Bacteria;k__;p__Lentisphaerae;c__Oligosphaeria;o__Oligosphaerales
189417	3.0	sk__Bacteria;k__;p__Nitrospinae
243398	441.0	sk__Bacteria;k__;p__Nitrospirae
194873	54.0	sk__Bacteria;k__;p__Nitrospirae;c__;o__;f__;g__;s__Nitrospirae_bacterium_GWF2_44_13
69673	12.0	sk__Bacteria;k__;p__Nitrospirae;c__Nitrospira
203889	1.0	sk__Bacteria;k__;p__Nitrospirae;c__Nitrospira;o__Nitrospirales;f__Nitrospiraceae;g__Candidatus_Magnetobacterium
28602	611.0	sk__Bacteria;k__;p__Planctomycetes
31672	1.0	sk__Bacteria;k__;p__Planctomycetes;c__;o__;f__;g__;s__Planctomycetes_bacterium_ADurb.Bin126
148798	8.0	sk__Bacteria;k__;p__Planctomycetes;c__;o__;f__;g__;s__Planctomycetes_bacterium_DG_20
170919	919.0	sk__Bacteria;k__;p__Planctomycetes;c__Phycisphaerae
134697	106.0	sk__Bacteria;k__;p__Planctomycetes;c__Phycisphaerae;o__Phycisphaerales
234685	2.0	sk__Bacteria;k__;p__Planctomycetes;c__Phycisphaerae;o__Phycisphaerales;f__Phycisphaeraceae
103727	30.0	sk__Bacteria;k__;p__Planctomycetes;c__Phycisphaerae;o__Tepidisphaerales
207123	1.0	sk__Bacteria;k__;p__Planctomycetes;c__Planctomycetia
123994	1.0	sk__Bacteria;k__;p__Planctomycetes;c__Planctomycetia;o__Candidatus_Brocadiales;f__Candidatus_Brocadiaceae;g__Candidatus_Brocadia
17099	9.0	sk__Bacteria;k__;p__Planctomycetes;c__Planctomycetia;o__Planctomycetales
184040	6.0	sk__Bacteria;k__;p__Planctomycetes;c__Planctomycetia;o__Planctomycetales;f__Gemmataceae
40317	2.0	sk__Bacteria;k__;p__Planctomycetes;c__Planctomycetia;o__Planctomycetales;f__Isosphaeraceae;g__Singulisphaera
209843	17.0	sk__Bacteria;k__;p__Planctomycetes;c__Planctomycetia;o__Planctomycetales;f__Planctomycetaceae
170659	6.0	sk__Bacteria;k__;p__Planctomycetes;c__Planctomycetia;o__Planctomycetales;f__Planctomycetaceae;g__Blastopirellula
125654	81.0	sk__Bacteria;k__;p__Planctomycetes;c__Planctomycetia;o__Planctomycetales;f__Planctomycetaceae;g__Candidatus_Anammoximicrobium
168997	17.0	sk__Bacteria;k__;p__Planctomycetes;c__Planctomycetia;o__Planctomycetales;f__Planctomycetaceae;g__Pirellula
194712	3.0	sk__Bacteria;k__;p__Planctomycetes;c__Planctomycetia;o__Planctomycetales;f__Planctomycetaceae;g__Rhodopirellula
21282	2435.0	sk__Bacteria;k__;p__Proteobacteria
249070	53.0	sk__Bacteria;k__;p__Proteobacteria;c__Acidithiobacillia;o__Acidithiobacillales;f__Acidithiobacillaceae
171064	82.0	sk__Bacteria;k__;p__Proteobacteria;c__Alphaproteobacteria
139866	1.0	sk__Bacteria;k__;p__Proteobacteria;c__Alphaproteobacteria;o__Caulobacterales
70724	44.0	sk__Bacteria;k__;p__Proteobacteria;c__Alphaproteobacteria;o__Caulobacterales;f__Caulobacteraceae
69021	5.0	sk__Bacteria;k__;p__Proteobacteria;c__Alphaproteobacteria;o__Caulobacterales;f__Caulobacteraceae;g__Caulobacter
124097	204.0	sk__Bacteria;k__;p__Proteobacteria;c__Alphaproteobacteria;o__Caulobacterales;f__Caulobacteraceae;g__Phenylobacterium
133415	3.0	sk__Bacteria;k__;p__Proteobacteria;c__Alphaproteobacteria;o__Holosporales;f__Candidatus_Paracaedibacteraceae;g__Candidatus_Paracaedibacter
208782	2.0	sk__Bacteria;k__;p__Proteobacteria;c__Alphaproteobacteria;o__Holosporales;f__Holosporaceae
57440	291.0	sk__Bacteria;k__;p__Proteobacteria;c__Alphaproteobacteria;o__Rhizobiales
29863	2.0	sk__Bacteria;k__;p__Proteobacteria;c__Alphaproteobacteria;o__Rhizobiales;f__;g__Bauldia
197720	1.0	sk__Bacteria;k__;p__Proteobacteria;c__Alphaproteobacteria;o__Rhizobiales;f__;g__Nordella
263083	1.0	sk__Bacteria;k__;p__Proteobacteria;c__Alphaproteobacteria;o__Rhizobiales;f__;g__Pseudorhodoplanes
62755	15.0	sk__Bacteria;k__;p__Proteobacteria;c__Alphaproteobacteria;o__Rhizobiales;f__Beijerinckiaceae
132326	3.0	sk__Bacteria;k__;p__Proteobacteria;c__Alphaproteobacteria;o__Rhizobiales;f__Beijerinckiaceae;g__Methylorosula
199426	28.0	sk__Bacteria;k__;p__Proteobacteria;c__Alphaproteobacteria;o__Rhizobiales;f__Bradyrhizobiaceae
1202	1.0	sk__Bacteria;k__;p__Proteobacteria;c__Alphaproteobacteria;o__Rhizobiales;f__Bradyrhizobiaceae;g__Bradyrhizobium
264947	25.0	sk__Bacteria;k__;p__Proteobacteria;c__Alphaproteobacteria;o__Rhizobiales;f__Hyphomicrobiaceae
79822	5.0	sk__Bacteria;k__;p__Proteobacteria;c__Alphaproteobacteria;o__Rhizobiales;f__Hyphomicrobiaceae;g__Blastochloris
189527	1.0	sk__Bacteria;k__;p__Proteobacteria;c__Alphaproteobacteria;o__Rhizobiales;f__Hyphomicrobiaceae;g__Devosia
175420	95.0	sk__Bacteria;k__;p__Proteobacteria;c__Alphaproteobacteria;o__Rhizobiales;f__Hyphomicrobiaceae;g__Hyphomicrobium
77459	12.0	sk__Bacteria;k__;p__Proteobacteria;c__Alphaproteobacteria;o__Rhizobiales;f__Hyphomicrobiaceae;g__Pedomicrobium
215861	1.0	sk__Bacteria;k__;p__Proteobacteria;c__Alphaproteobacteria;o__Rhizobiales;f__Hyphomicrobiaceae;g__Rhodomicrobium
59997	1.0	sk__Bacteria;k__;p__Proteobacteria;c__Alphaproteobacteria;o__Rhizobiales;f__Methylobacteriaceae
230829	14.0	sk__Bacteria;k__;p__Proteobacteria;c__Alphaproteobacteria;o__Rhizobiales;f__Methylocystaceae
226105	1.0	sk__Bacteria;k__;p__Proteobacteria;c__Alphaproteobacteria;o__Rhizobiales;f__Methylocystaceae;g__Methylocystis
115945	6.0	sk__Bacteria;k__;p__Proteobacteria;c__Alphaproteobacteria;o__Rhizobiales;f__Rhizobiaceae
18933	1.0	sk__Bacteria;k__;p__Proteobacteria;c__Alphaproteobacteria;o__Rhizobiales;f__Rhodobiaceae
184673	120.0	sk__Bacteria;k__;p__Proteobacteria;c__Alphaproteobacteria;o__Rhizobiales;f__Rhodobiaceae;g__Parvibaculum
69335	10.0	sk__Bacteria;k__;p__Proteobacteria;c__Alphaproteobacteria;o__Rhizobiales;f__Xanthobacteraceae
200752	1.0	sk__Bacteria;k__;p__Proteobacteria;c__Alphaproteobacteria;o__Rhizobiales;f__Xanthobacteraceae;g__Labrys
18424	4.0	sk__Bacteria;k__;p__Proteobacteria;c__Alphaproteobacteria;o__Rhizobiales;f__Xanthobacteraceae;g__Pseudolabrys
170299	1.0	sk__Bacteria;k__;p__Proteobacteria;c__Alphaproteobacteria;o__Rhizobiales;f__Xanthobacteraceae;g__Pseudoxanthobacter
182368	3.0	sk__Bacteria;k__;p__Proteobacteria;c__Alphaproteobacteria;o__Rhizobiales;f__Xanthobacteraceae;g__Xanthobacter
191749	4.0	sk__Bacteria;k__;p__Proteobacteria;c__Alphaproteobacteria;o__Rhodobacterales
242803	25.0	sk__Bacteria;k__;p__Proteobacteria;c__Alphaproteobacteria;o__Rhodobacterales;f__Hyphomonadaceae
12848	10.0	sk__Bacteria;k__;p__Proteobacteria;c__Alphaproteobacteria;o__Rhodobacterales;f__Hyphomonadaceae;g__Hirschia
206672	66.0	sk__Bacteria;k__;p__Proteobacteria;c__Alphaproteobacteria;o__Rhodobacterales;f__Rhodobacteraceae
115580	5.0	sk__Bacteria;k__;p__Proteobacteria;c__Alphaproteobacteria;o__Rhodobacterales;f__Rhodobacteraceae;g__Amaricoccus
216179	1.0	sk__Bacteria;k__;p__Proteobacteria;c__Alphaproteobacteria;o__Rhodobacterales;f__Rhodobacteraceae;g__Rhodobacter
19667	4.0	sk__Bacteria;k__;p__Proteobacteria;c__Alphaproteobacteria;o__Rhodobacterales;f__Rhodobacteraceae;g__Rubellimicrobium
58120	9.0	sk__Bacteria;k__;p__Proteobacteria;c__Alphaproteobacteria;o__Rhodospirillales
27086	31.0	sk__Bacteria;k__;p__Proteobacteria;c__Alphaproteobacteria;o__Rhodospirillales;f__Acetobacteraceae
174126	1.0	sk__Bacteria;k__;p__Proteobacteria;c__Alphaproteobacteria;o__Rhodospirillales;f__Acetobacteraceae;g__Rhodovastum
190981	49.0	sk__Bacteria;k__;p__Proteobacteria;c__Alphaproteobacteria;o__Rhodospirillales;f__Acetobacteraceae;g__Roseomonas
102583	2.0	sk__Bacteria;k__;p__Proteobacteria;c__Alphaproteobacteria;o__Rhodospirillales;f__Acetobacteraceae;g__Rubritepida
260958	2.0	sk__Bacteria;k__;p__Proteobacteria;c__Alphaproteobacteria;o__Rhodospirillales;f__Acetobacteraceae;g__Rubritepida;s__Rubritepida_flocculans
67192	7.0	sk__Bacteria;k__;p__Proteobacteria;c__Alphaproteobacteria;o__Rhodospirillales;f__Rhodospirillaceae
62046	3.0	sk__Bacteria;k__;p__Proteobacteria;c__Alphaproteobacteria;o__Rhodospirillales;f__Rhodospirillaceae;g__Defluviicoccus
229482	3.0	sk__Bacteria;k__;p__Proteobacteria;c__Alphaproteobacteria;o__Rhodospirillales;f__Rhodospirillaceae;g__Dongia
10583	1.0	sk__Bacteria;k__;p__Proteobacteria;c__Alphaproteobacteria;o__Rickettsiales;f__Rickettsiaceae
146804	1.0	sk__Bacteria;k__;p__Proteobacteria;c__Alphaproteobacteria;o__Rickettsiales;f__Rickettsiaceae;g__Candidatus_Megaira
239465	1.0	sk__Bacteria;k__;p__Proteobacteria;c__Alphaproteobacteria;o__Sneathiellales
131147	1.0	sk__Bacteria;k__;p__Proteobacteria;c__Alphaproteobacteria;o__Sneathiellales;f__Sneathiellaceae
60778	2.0	sk__Bacteria;k__;p__Proteobacteria;c__Alphaproteobacteria;o__Sphingomonadales
92333	27.0	sk__Bacteria;k__;p__Proteobacteria;c__Alphaproteobacteria;o__Sphingomonadales;f__Sphingomonadaceae
116803	13.0	sk__Bacteria;k__;p__Proteobacteria;c__Alphaproteobacteria;o__Sphingomonadales;f__Sphingomonadaceae;g__Novosphingobium
107635	6.0	sk__Bacteria;k__;p__Proteobacteria;c__Alphaproteobacteria;o__Sphingomonadales;f__Sphingomonadaceae;g__Polymorphobacter
106352	2.0	sk__Bacteria;k__;p__Proteobacteria;c__Alphaproteobacteria;o__Sphingomonadales;f__Sphingomonadaceae;g__Sandarakinorhabdus
238165	2.0	sk__Bacteria;k__;p__Proteobacteria;c__Alphaproteobacteria;o__Sphingomonadales;f__Sphingomonadaceae;g__Sphingobium
195764	5.0	sk__Bacteria;k__;p__Proteobacteria;c__Alphaproteobacteria;o__Sphingomonadales;f__Sphingomonadaceae;g__Sphingomonas
86908	1917.0	sk__Bacteria;k__;p__Proteobacteria;c__Betaproteobacteria
205344	14.0	sk__Bacteria;k__;p__Proteobacteria;c__Betaproteobacteria;o__;f__;g__Candidatus_Accumulibacter
110339	2018.0	sk__Bacteria;k__;p__Proteobacteria;c__Betaproteobacteria;o__Burkholderiales
39040	1.0	sk__Bacteria;k__;p__Proteobacteria;c__Betaproteobacteria;o__Burkholderiales;f__;g__;s__Burkholderiales_bacterium_Beta_02
70369	1.0	sk__Bacteria;k__;p__Proteobacteria;c__Betaproteobacteria;o__Burkholderiales;f__;g__Aquabacterium
151104	1.0	sk__Bacteria;k__;p__Proteobacteria;c__Betaproteobacteria;o__Burkholderiales;f__;g__Leptothrix
223828	1.0	sk__Bacteria;k__;p__Proteobacteria;c__Betaproteobacteria;o__Burkholderiales;f__Alcaligenaceae;g__Alcaligenes
127344	81.0	sk__Bacteria;k__;p__Proteobacteria;c__Betaproteobacteria;o__Burkholderiales;f__Burkholderiaceae
245851	3.0	sk__Bacteria;k__;p__Proteobacteria;c__Betaproteobacteria;o__Burkholderiales;f__Burkholderiaceae;g__Burkholderia
55510	47.0	sk__Bacteria;k__;p__Proteobacteria;c__Betaproteobacteria;o__Burkholderiales;f__Burkholderiaceae;g__Lautropia
220488	4.0	sk__Bacteria;k__;p__Proteobacteria;c__Betaproteobacteria;o__Burkholderiales;f__Burkholderiaceae;g__Limnobacter
180130	4.0	sk__Bacteria;k__;p__Proteobacteria;c__Betaproteobacteria;o__Burkholderiales;f__Burkholderiaceae;g__Polynucleobacter
105254	733.0	sk__Bacteria;k__;p__Proteobacteria;c__Betaproteobacteria;o__Burkholderiales;f__Comamonadaceae
203179	3.0	sk__Bacteria;k__;p__Proteobacteria;c__Betaproteobacteria;o__Burkholderiales;f__Comamonadaceae;g__Acidovorax
46579	5.0	sk__Bacteria;k__;p__Proteobacteria;c__Betaproteobacteria;o__Burkholderiales;f__Comamonadaceae;g__Limnohabitans
260243	1.0	sk__Bacteria;k__;p__Proteobacteria;c__Betaproteobacteria;o__Burkholderiales;f__Comamonadaceae;g__Polaromonas;s__Polaromonas_sp._Cra35
226059	21.0	sk__Bacteria;k__;p__Proteobacteria;c__Betaproteobacteria;o__Burkholderiales;f__Comamonadaceae;g__Rhodoferax
190762	60.0	sk__Bacteria;k__;p__Proteobacteria;c__Betaproteobacteria;o__Burkholderiales;f__Oxalobacteraceae
106050	2.0	sk__Bacteria;k__;p__Proteobacteria;c__Betaproteobacteria;o__Burkholderiales;f__Oxalobacteraceae;g__Herminiimonas
233056	1.0	sk__Bacteria;k__;p__Proteobacteria;c__Betaproteobacteria;o__Burkholderiales;f__Oxalobacteraceae;g__Noviherbaspirillum
103704	7.0	sk__Bacteria;k__;p__Proteobacteria;c__Betaproteobacteria;o__Burkholderiales;f__Oxalobacteraceae;g__Undibacterium
245574	13.0	sk__Bacteria;k__;p__Proteobacteria;c__Betaproteobacteria;o__Ferritrophicales
11980	4.0	sk__Bacteria;k__;p__Proteobacteria;c__Betaproteobacteria;o__Ferritrophicales;f__Ferritrophicaceae
25552	516.0	sk__Bacteria;k__;p__Proteobacteria;c__Betaproteobacteria;o__Ferritrophicales;f__Ferritrophicaceae;g__Ferritrophicum
128844	3.0	sk__Bacteria;k__;p__Proteobacteria;c__Betaproteobacteria;o__Neisseriales
100060	1.0	sk__Bacteria;k__;p__Proteobacteria;c__Betaproteobacteria;o__Neisseriales;f__Chromobacteriaceae;g__Aquaspirillum;s__Aquaspirillum_sp._LM1
187492	961.0	sk__Bacteria;k__;p__Proteobacteria;c__Betaproteobacteria;o__Nitrosomonadales
154183	1.0	sk__Bacteria;k__;p__Proteobacteria;c__Betaproteobacteria;o__Nitrosomonadales;f__;g__;s__Methylophilales_bacterium_LSUCC0135
24165	80.0	sk__Bacteria;k__;p__Proteobacteria;c__Betaproteobacteria;o__Nitrosomonadales;f__Gallionellaceae
9024	3.0	sk__Bacteria;k__;p__Proteobacteria;c__Betaproteobacteria;o__Nitrosomonadales;f__Gallionellaceae;g__Candidatus_Nitrotoga
91366	37.0	sk__Bacteria;k__;p__Proteobacteria;c__Betaproteobacteria;o__Nitrosomonadales;f__Gallionellaceae;g__Ferriphaselus
244177	1749.0	sk__Bacteria;k__;p__Proteobacteria;c__Betaproteobacteria;o__Nitrosomonadales;f__Gallionellaceae;g__Gallionella
233038	6.0	sk__Bacteria;k__;p__Proteobacteria;c__Betaproteobacteria;o__Nitrosomonadales;f__Gallionellaceae;g__Sideroxydans
73532	66.0	sk__Bacteria;k__;p__Proteobacteria;c__Betaproteobacteria;o__Nitrosomonadales;f__Gallionellaceae;g__Sulfuricella
80129	84.0	sk__Bacteria;k__;p__Proteobacteria;c__Betaproteobacteria;o__Nitrosomonadales;f__Gallionellaceae;g__Sulfuriferula
76486	372.0	sk__Bacteria;k__;p__Proteobacteria;c__Betaproteobacteria;o__Nitrosomonadales;f__Methylophilaceae
87142	6.0	sk__Bacteria;k__;p__Proteobacteria;c__Betaproteobacteria;o__Nitrosomonadales;f__Methylophilaceae;g__Methylobacillus
90936	9.0	sk__Bacteria;k__;p__Proteobacteria;c__Betaproteobacteria;o__Nitrosomonadales;f__Methylophilaceae;g__Methylotenera
205282	85.0	sk__Bacteria;k__;p__Proteobacteria;c__Betaproteobacteria;o__Nitrosomonadales;f__Nitrosomonadaceae
199	29.0	sk__Bacteria;k__;p__Proteobacteria;c__Betaproteobacteria;o__Nitrosomonadales;f__Nitrosomonadaceae;g__Nitrosomonas
5478	20.0	sk__Bacteria;k__;p__Proteobacteria;c__Betaproteobacteria;o__Nitrosomonadales;f__Sterolibacteriaceae
150693	2.0	sk__Bacteria;k__;p__Proteobacteria;c__Betaproteobacteria;o__Nitrosomonadales;f__Sterolibacteriaceae;g__Denitratisoma
67708	7.0	sk__Bacteria;k__;p__Proteobacteria;c__Betaproteobacteria;o__Nitrosomonadales;f__Sterolibacteriaceae;g__Sulfurisoma
95862	1.0	sk__Bacteria;k__;p__Proteobacteria;c__Betaproteobacteria;o__Nitrosomonadales;f__Sterolibacteriaceae;g__Sulfurisoma;s__Sulfurisoma_sediminicola
149357	870.0	sk__Bacteria;k__;p__Proteobacteria;c__Betaproteobacteria;o__Nitrosomonadales;f__Sterolibacteriaceae;g__Sulfuritalea
103699	1.0	sk__Bacteria;k__;p__Proteobacteria;c__Betaproteobacteria;o__Nitrosomonadales;f__Sterolibacteriaceae;g__Sulfuritalea;s__Sulfuritalea_hydrogenivorans
194475	16.0	sk__Bacteria;k__;p__Proteobacteria;c__Betaproteobacteria;o__Nitrosomonadales;f__Thiobacillaceae
214091	1368.0	sk__Bacteria;k__;p__Proteobacteria;c__Betaproteobacteria;o__Nitrosomonadales;f__Thiobacillaceae;g__Thiobacillus
232020	1239.0	sk__Bacteria;k__;p__Proteobacteria;c__Betaproteobacteria;o__Rhodocyclales
83050	16.0	sk__Bacteria;k__;p__Proteobacteria;c__Betaproteobacteria;o__Rhodocyclales;f__Azonexaceae
134382	44.0	sk__Bacteria;k__;p__Proteobacteria;c__Betaproteobacteria;o__Rhodocyclales;f__Azonexaceae;g__Dechloromonas
60507	18.0	sk__Bacteria;k__;p__Proteobacteria;c__Betaproteobacteria;o__Rhodocyclales;f__Azonexaceae;g__Dechloromonas;s__Dechloromonas_denitrificans
73698	156.0	sk__Bacteria;k__;p__Proteobacteria;c__Betaproteobacteria;o__Rhodocyclales;f__Rhodocyclaceae
4335	8.0	sk__Bacteria;k__;p__Proteobacteria;c__Betaproteobacteria;o__Rhodocyclales;f__Rhodocyclaceae;g__Azospira
98940	30.0	sk__Bacteria;k__;p__Proteobacteria;c__Betaproteobacteria;o__Rhodocyclales;f__Rhodocyclaceae;g__Dechlorobacter
96051	1.0	sk__Bacteria;k__;p__Proteobacteria;c__Betaproteobacteria;o__Rhodocyclales;f__Rhodocyclaceae;g__Rugosibacter
90165	144.0	sk__Bacteria;k__;p__Proteobacteria;c__Betaproteobacteria;o__Rhodocyclales;f__Rhodocyclaceae;g__Rugosibacter;s__Rugosibacter_aromaticivorans
224999	3.0	sk__Bacteria;k__;p__Proteobacteria;c__Betaproteobacteria;o__Rhodocyclales;f__Zoogloeaceae
32007	2.0	sk__Bacteria;k__;p__Proteobacteria;c__Betaproteobacteria;o__Rhodocyclales;f__Zoogloeaceae;g__Azoarcus
85563	1.0	sk__Bacteria;k__;p__Proteobacteria;c__Betaproteobacteria;o__Rhodocyclales;f__Zoogloeaceae;g__Thauera
24154	6.0	sk__Bacteria;k__;p__Proteobacteria;c__Betaproteobacteria;o__Rhodocyclales;f__Zoogloeaceae;g__Zoogloea
142355	1784.0	sk__Bacteria;k__;p__Proteobacteria;c__Deltaproteobacteria
96711	5.0	sk__Bacteria;k__;p__Proteobacteria;c__Deltaproteobacteria;o__;f__;g__;s__delta_proteobacterium_enrichment_culture_clone_AP-FeEnrich12
230879	2.0	sk__Bacteria;k__;p__Proteobacteria;c__Deltaproteobacteria;o__Bradymonadales
43591	1.0	sk__Bacteria;k__;p__Proteobacteria;c__Deltaproteobacteria;o__Desulfarculales
83909	20.0	sk__Bacteria;k__;p__Proteobacteria;c__Deltaproteobacteria;o__Desulfarculales;f__Desulfarculaceae
254096	24.0	sk__Bacteria;k__;p__Proteobacteria;c__Deltaproteobacteria;o__Desulfobacterales
132485	157.0	sk__Bacteria;k__;p__Proteobacteria;c__Deltaproteobacteria;o__Desulfobacterales;f__Desulfobacteraceae
148809	377.0	sk__Bacteria;k__;p__Proteobacteria;c__Deltaproteobacteria;o__Desulfobacterales;f__Desulfobacteraceae;g__Desulfatiglans
127417	10.0	sk__Bacteria;k__;p__Proteobacteria;c__Deltaproteobacteria;o__Desulfobacterales;f__Desulfobacteraceae;g__Desulfococcus
234461	1.0	sk__Bacteria;k__;p__Proteobacteria;c__Deltaproteobacteria;o__Desulfobacterales;f__Desulfobacteraceae;g__Desulfonema
93005	29.0	sk__Bacteria;k__;p__Proteobacteria;c__Deltaproteobacteria;o__Desulfobacterales;f__Desulfobulbaceae
245110	6.0	sk__Bacteria;k__;p__Proteobacteria;c__Deltaproteobacteria;o__Desulfobacterales;f__Desulfobulbaceae;g__Desulfocapsa
106984	264.0	sk__Bacteria;k__;p__Proteobacteria;c__Deltaproteobacteria;o__Desulfobacterales;f__Desulfobulbaceae;g__Desulfurivibrio
85618	7.0	sk__Bacteria;k__;p__Proteobacteria;c__Deltaproteobacteria;o__Desulfovibrionales
79081	3.0	sk__Bacteria;k__;p__Proteobacteria;c__Deltaproteobacteria;o__Desulfovibrionales;f__Desulfovibrionaceae
7451	48.0	sk__Bacteria;k__;p__Proteobacteria;c__Deltaproteobacteria;o__Desulfovibrionales;f__Desulfovibrionaceae;g__Desulfovibrio
80933	285.0	sk__Bacteria;k__;p__Proteobacteria;c__Deltaproteobacteria;o__Desulfuromonadales
210580	1.0	sk__Bacteria;k__;p__Proteobacteria;c__Deltaproteobacteria;o__Desulfuromonadales;f__Desulfuromonadaceae
19422	1.0	sk__Bacteria;k__;p__Proteobacteria;c__Deltaproteobacteria;o__Desulfuromonadales;f__Desulfuromonadaceae;g__Pelobacter
241481	97.0	sk__Bacteria;k__;p__Proteobacteria;c__Deltaproteobacteria;o__Desulfuromonadales;f__Geobacteraceae
196486	637.0	sk__Bacteria;k__;p__Proteobacteria;c__Deltaproteobacteria;o__Desulfuromonadales;f__Geobacteraceae;g__Geobacter
42738	145.0	sk__Bacteria;k__;p__Proteobacteria;c__Deltaproteobacteria;o__Myxococcales
27959	1.0	sk__Bacteria;k__;p__Proteobacteria;c__Deltaproteobacteria;o__Myxococcales;f__Anaeromyxobacteraceae
240479	70.0	sk__Bacteria;k__;p__Proteobacteria;c__Deltaproteobacteria;o__Myxococcales;f__Anaeromyxobacteraceae;g__Anaeromyxobacter
252252	1.0	sk__Bacteria;k__;p__Proteobacteria;c__Deltaproteobacteria;o__Myxococcales;f__Anaeromyxobacteraceae;g__Anaeromyxobacter;s__Anaeromyxobacter_dehalogenans
58395	19.0	sk__Bacteria;k__;p__Proteobacteria;c__Deltaproteobacteria;o__Myxococcales;f__Kofleriaceae;g__Haliangium
72903	1.0	sk__Bacteria;k__;p__Proteobacteria;c__Deltaproteobacteria;o__Myxococcales;f__Nannocystaceae;g__Nannocystis
200408	3.0	sk__Bacteria;k__;p__Proteobacteria;c__Deltaproteobacteria;o__Myxococcales;f__Phaselicystidaceae
188704	1.0	sk__Bacteria;k__;p__Proteobacteria;c__Deltaproteobacteria;o__Myxococcales;f__Phaselicystidaceae;g__Phaselicystis
30719	3.0	sk__Bacteria;k__;p__Proteobacteria;c__Deltaproteobacteria;o__Myxococcales;f__Polyangiaceae
149471	43.0	sk__Bacteria;k__;p__Proteobacteria;c__Deltaproteobacteria;o__Myxococcales;f__Polyangiaceae;g__Pajaroellobacter
45066	13.0	sk__Bacteria;k__;p__Proteobacteria;c__Deltaproteobacteria;o__Myxococcales;f__Sandaracinaceae
153598	2.0	sk__Bacteria;k__;p__Proteobacteria;c__Deltaproteobacteria;o__Myxococcales;f__Sandaracinaceae;g__Sandaracinus
132696	41.0	sk__Bacteria;k__;p__Proteobacteria;c__Deltaproteobacteria;o__Syntrophobacterales
2766	1542.0	sk__Bacteria;k__;p__Proteobacteria;c__Deltaproteobacteria;o__Syntrophobacterales;f__Syntrophaceae
249208	360.0	sk__Bacteria;k__;p__Proteobacteria;c__Deltaproteobacteria;o__Syntrophobacterales;f__Syntrophaceae;g__Desulfobacca
194116	320.0	sk__Bacteria;k__;p__Proteobacteria;c__Deltaproteobacteria;o__Syntrophobacterales;f__Syntrophaceae;g__Desulfomonile
40719	1311.0	sk__Bacteria;k__;p__Proteobacteria;c__Deltaproteobacteria;o__Syntrophobacterales;f__Syntrophaceae;g__Smithella
67004	373.0	sk__Bacteria;k__;p__Proteobacteria;c__Deltaproteobacteria;o__Syntrophobacterales;f__Syntrophaceae;g__Syntrophus
159770	63.0	sk__Bacteria;k__;p__Proteobacteria;c__Deltaproteobacteria;o__Syntrophobacterales;f__Syntrophobacteraceae
20264	44.0	sk__Bacteria;k__;p__Proteobacteria;c__Deltaproteobacteria;o__Syntrophobacterales;f__Syntrophobacteraceae;g__Desulforhabdus
176326	79.0	sk__Bacteria;k__;p__Proteobacteria;c__Deltaproteobacteria;o__Syntrophobacterales;f__Syntrophobacteraceae;g__Desulfovirga
28897	438.0	sk__Bacteria;k__;p__Proteobacteria;c__Deltaproteobacteria;o__Syntrophobacterales;f__Syntrophobacteraceae;g__Syntrophobacter
131410	38.0	sk__Bacteria;k__;p__Proteobacteria;c__Deltaproteobacteria;o__Syntrophobacterales;f__Syntrophorhabdaceae
172217	1792.0	sk__Bacteria;k__;p__Proteobacteria;c__Deltaproteobacteria;o__Syntrophobacterales;f__Syntrophorhabdaceae;g__Syntrophorhabdus
68460	4.0	sk__Bacteria;k__;p__Proteobacteria;c__Epsilonproteobacteria
263494	1.0	sk__Bacteria;k__;p__Proteobacteria;c__Epsilonproteobacteria;o__;f__;g__Sulfurovum
39155	72.0	sk__Bacteria;k__;p__Proteobacteria;c__Epsilonproteobacteria;o__Campylobacterales
237422	3.0	sk__Bacteria;k__;p__Proteobacteria;c__Epsilonproteobacteria;o__Campylobacterales;f__Campylobacteraceae
17010	228.0	sk__Bacteria;k__;p__Proteobacteria;c__Epsilonproteobacteria;o__Campylobacterales;f__Campylobacteraceae;g__Arcobacter
48267	245.0	sk__Bacteria;k__;p__Proteobacteria;c__Epsilonproteobacteria;o__Campylobacterales;f__Helicobacteraceae
180104	16460.0	sk__Bacteria;k__;p__Proteobacteria;c__Epsilonproteobacteria;o__Campylobacterales;f__Helicobacteraceae;g__Sulfuricurvum
61324	1115.0	sk__Bacteria;k__;p__Proteobacteria;c__Gammaproteobacteria
87150	4.0	sk__Bacteria;k__;p__Proteobacteria;c__Gammaproteobacteria;o__;f__;g__Acidibacter
92122	2.0	sk__Bacteria;k__;p__Proteobacteria;c__Gammaproteobacteria;o__;f__;g__Candidatus_Ovatusbacter
103368	9.0	sk__Bacteria;k__;p__Proteobacteria;c__Gammaproteobacteria;o__;f__Competibacteraceae
34564	509.0	sk__Bacteria;k__;p__Proteobacteria;c__Gammaproteobacteria;o__;f__Competibacteraceae;g__Candidatus_Competibacter
42297	2.0	sk__Bacteria;k__;p__Proteobacteria;c__Gammaproteobacteria;o__Acidiferrobacterales;f__Acidiferrobacteraceae
202320	1.0	sk__Bacteria;k__;p__Proteobacteria;c__Gammaproteobacteria;o__Aeromonadales;f__Aeromonadaceae;g__Aeromonas
182860	3.0	sk__Bacteria;k__;p__Proteobacteria;c__Gammaproteobacteria;o__Alteromonadales
13412	12.0	sk__Bacteria;k__;p__Proteobacteria;c__Gammaproteobacteria;o__Alteromonadales;f__Colwelliaceae
171749	2.0	sk__Bacteria;k__;p__Proteobacteria;c__Gammaproteobacteria;o__Alteromonadales;f__Pseudoalteromonadaceae
238897	4.0	sk__Bacteria;k__;p__Proteobacteria;c__Gammaproteobacteria;o__Arenicellales
18877	110.0	sk__Bacteria;k__;p__Proteobacteria;c__Gammaproteobacteria;o__Arenicellales;f__Arenicellaceae
74102	3.0	sk__Bacteria;k__;p__Proteobacteria;c__Gammaproteobacteria;o__Cellvibrionales
98439	8.0	sk__Bacteria;k__;p__Proteobacteria;c__Gammaproteobacteria;o__Cellvibrionales;f__Halieaceae
23619	82.0	sk__Bacteria;k__;p__Proteobacteria;c__Gammaproteobacteria;o__Cellvibrionales;f__Porticoccaceae
230845	20.0	sk__Bacteria;k__;p__Proteobacteria;c__Gammaproteobacteria;o__Cellvibrionales;f__Spongiibacteraceae
105031	1.0	sk__Bacteria;k__;p__Proteobacteria;c__Gammaproteobacteria;o__Chromatiales
150096	72.0	sk__Bacteria;k__;p__Proteobacteria;c__Gammaproteobacteria;o__Chromatiales;f__Chromatiaceae
198626	1.0	sk__Bacteria;k__;p__Proteobacteria;c__Gammaproteobacteria;o__Chromatiales;f__Thioalkalispiraceae
16188	2.0	sk__Bacteria;k__;p__Proteobacteria;c__Gammaproteobacteria;o__Enterobacterales
258109	2.0	sk__Bacteria;k__;p__Proteobacteria;c__Gammaproteobacteria;o__Enterobacterales;f__Enterobacteriaceae
87103	3.0	sk__Bacteria;k__;p__Proteobacteria;c__Gammaproteobacteria;o__Immundisolibacterales;f__Immundisolibacteraceae;g__Immundisolibacter
189462	5.0	sk__Bacteria;k__;p__Proteobacteria;c__Gammaproteobacteria;o__Legionellales
117212	8.0	sk__Bacteria;k__;p__Proteobacteria;c__Gammaproteobacteria;o__Legionellales;f__Coxiellaceae
135119	10.0	sk__Bacteria;k__;p__Proteobacteria;c__Gammaproteobacteria;o__Legionellales;f__Coxiellaceae;g__Aquicella
168466	66.0	sk__Bacteria;k__;p__Proteobacteria;c__Gammaproteobacteria;o__Legionellales;f__Coxiellaceae;g__Coxiella
202995	3.0	sk__Bacteria;k__;p__Proteobacteria;c__Gammaproteobacteria;o__Legionellales;f__Coxiellaceae;g__Rickettsiella
101428	1.0	sk__Bacteria;k__;p__Proteobacteria;c__Gammaproteobacteria;o__Legionellales;f__Legionellaceae
112467	23.0	sk__Bacteria;k__;p__Proteobacteria;c__Gammaproteobacteria;o__Legionellales;f__Legionellaceae;g__Legionella
106489	474.0	sk__Bacteria;k__;p__Proteobacteria;c__Gammaproteobacteria;o__Methylococcales
222235	58.0	sk__Bacteria;k__;p__Proteobacteria;c__Gammaproteobacteria;o__Methylococcales;f__Crenotrichaceae
108560	287.0	sk__Bacteria;k__;p__Proteobacteria;c__Gammaproteobacteria;o__Methylococcales;f__Crenotrichaceae;g__Crenothrix
134385	85.0	sk__Bacteria;k__;p__Proteobacteria;c__Gammaproteobacteria;o__Methylococcales;f__Methylococcaceae
115214	12.0	sk__Bacteria;k__;p__Proteobacteria;c__Gammaproteobacteria;o__Methylococcales;f__Methylococcaceae;g__Candidatus_Methylospira
229285	83.0	sk__Bacteria;k__;p__Proteobacteria;c__Gammaproteobacteria;o__Methylococcales;f__Methylococcaceae;g__Methylobacter
190164	13.0	sk__Bacteria;k__;p__Proteobacteria;c__Gammaproteobacteria;o__Methylococcales;f__Methylococcaceae;g__Methylocaldum
85586	1.0	sk__Bacteria;k__;p__Proteobacteria;c__Gammaproteobacteria;o__Methylococcales;f__Methylococcaceae;g__Methylococcus
106077	2.0	sk__Bacteria;k__;p__Proteobacteria;c__Gammaproteobacteria;o__Methylococcales;f__Methylococcaceae;g__Methylogaea;s__Methylogaea_oryzae
939	2.0	sk__Bacteria;k__;p__Proteobacteria;c__Gammaproteobacteria;o__Methylococcales;f__Methylococcaceae;g__Methylomonas
83023	51.0	sk__Bacteria;k__;p__Proteobacteria;c__Gammaproteobacteria;o__Methylococcales;f__Methylococcaceae;g__Methyloparacoccus
249900	2.0	sk__Bacteria;k__;p__Proteobacteria;c__Gammaproteobacteria;o__Oceanospirillales
65929	1.0	sk__Bacteria;k__;p__Proteobacteria;c__Gammaproteobacteria;o__Oceanospirillales;f__Endozoicomonaceae
5378	1.0	sk__Bacteria;k__;p__Proteobacteria;c__Gammaproteobacteria;o__Oceanospirillales;f__Halomonadaceae
136781	10.0	sk__Bacteria;k__;p__Proteobacteria;c__Gammaproteobacteria;o__Oceanospirillales;f__Halomonadaceae;g__Halomonas
32907	1.0	sk__Bacteria;k__;p__Proteobacteria;c__Gammaproteobacteria;o__Oceanospirillales;f__Saccharospirillaceae;g__Saccharospirillum
153707	1.0	sk__Bacteria;k__;p__Proteobacteria;c__Gammaproteobacteria;o__Pasteurellales
262897	26.0	sk__Bacteria;k__;p__Proteobacteria;c__Gammaproteobacteria;o__Pseudomonadales
32926	1633.0	sk__Bacteria;k__;p__Proteobacteria;c__Gammaproteobacteria;o__Pseudomonadales;f__Moraxellaceae
55775	6.0	sk__Bacteria;k__;p__Proteobacteria;c__Gammaproteobacteria;o__Pseudomonadales;f__Moraxellaceae;g__Acinetobacter
186790	1.0	sk__Bacteria;k__;p__Proteobacteria;c__Gammaproteobacteria;o__Pseudomonadales;f__Moraxellaceae;g__Acinetobacter;s__Acinetobacter_baumannii
215304	1.0	sk__Bacteria;k__;p__Proteobacteria;c__Gammaproteobacteria;o__Pseudomonadales;f__Moraxellaceae;g__Alkanindiges
173838	39.0	sk__Bacteria;k__;p__Proteobacteria;c__Gammaproteobacteria;o__Pseudomonadales;f__Pseudomonadaceae
206763	1.0	sk__Bacteria;k__;p__Proteobacteria;c__Gammaproteobacteria;o__Pseudomonadales;f__Pseudomonadaceae;g__Azotobacter
44470	3722.0	sk__Bacteria;k__;p__Proteobacteria;c__Gammaproteobacteria;o__Pseudomonadales;f__Pseudomonadaceae;g__Pseudomonas
26279	2.0	sk__Bacteria;k__;p__Proteobacteria;c__Gammaproteobacteria;o__Thiotrichales
39261	3.0	sk__Bacteria;k__;p__Proteobacteria;c__Gammaproteobacteria;o__Thiotrichales;f__Thiotrichaceae
109511	5.0	sk__Bacteria;k__;p__Proteobacteria;c__Gammaproteobacteria;o__Xanthomonadales
231485	161.0	sk__Bacteria;k__;p__Proteobacteria;c__Gammaproteobacteria;o__Xanthomonadales;f__Rhodanobacteraceae
207895	1.0	sk__Bacteria;k__;p__Proteobacteria;c__Gammaproteobacteria;o__Xanthomonadales;f__Rhodanobacteraceae;g__Dyella
63392	8.0	sk__Bacteria;k__;p__Proteobacteria;c__Gammaproteobacteria;o__Xanthomonadales;f__Xanthomonadaceae
236722	1.0	sk__Bacteria;k__;p__Proteobacteria;c__Gammaproteobacteria;o__Xanthomonadales;f__Xanthomonadaceae;g__Arenimonas
179453	5.0	sk__Bacteria;k__;p__Proteobacteria;c__Hydrogenophilalia
233823	2.0	sk__Bacteria;k__;p__Proteobacteria;c__Hydrogenophilalia;o__Hydrogenophilales
253125	50.0	sk__Bacteria;k__;p__Proteobacteria;c__Hydrogenophilalia;o__Hydrogenophilales;f__Hydrogenophilaceae
212652	1.0	sk__Bacteria;k__;p__Proteobacteria;c__Oligoflexia
36997	7.0	sk__Bacteria;k__;p__Proteobacteria;c__Oligoflexia;o__Bacteriovoracales
34262	15.0	sk__Bacteria;k__;p__Proteobacteria;c__Oligoflexia;o__Bacteriovoracales;f__Bacteriovoracaceae
181950	51.0	sk__Bacteria;k__;p__Proteobacteria;c__Oligoflexia;o__Bacteriovoracales;f__Bacteriovoracaceae;g__Bacteriovorax
213034	2.0	sk__Bacteria;k__;p__Proteobacteria;c__Oligoflexia;o__Bacteriovoracales;f__Bacteriovoracaceae;g__Peredibacter
11347	1.0	sk__Bacteria;k__;p__Proteobacteria;c__Oligoflexia;o__Bdellovibrionales
99800	3.0	sk__Bacteria;k__;p__Proteobacteria;c__Oligoflexia;o__Bdellovibrionales;f__Bdellovibrionaceae;g__Bdellovibrio
242853	71.0	sk__Bacteria;k__;p__Proteobacteria;c__Oligoflexia;o__Oligoflexales
105705	17.0	sk__Bacteria;k__;p__Proteobacteria;c__Oligoflexia;o__Oligoflexales;f__Oligoflexaceae
50263	1.0	sk__Bacteria;k__;p__Proteobacteria;c__Oligoflexia;o__Oligoflexales;f__Oligoflexaceae;g__Oligoflexus
256364	4.0	sk__Bacteria;k__;p__Proteobacteria;c__Oligoflexia;o__Silvanigrellales
104185	24.0	sk__Bacteria;k__;p__Spirochaetes
138242	5.0	sk__Bacteria;k__;p__Spirochaetes;c__;o__;f__;g__;s__Spirochaetes_bacterium_RBG_16_49_21
85606	2.0	sk__Bacteria;k__;p__Spirochaetes;c__Spirochaetia
209186	117.0	sk__Bacteria;k__;p__Spirochaetes;c__Spirochaetia;o__;f__Leptospiraceae
155629	1.0	sk__Bacteria;k__;p__Spirochaetes;c__Spirochaetia;o__Brevinematales
206022	2.0	sk__Bacteria;k__;p__Spirochaetes;c__Spirochaetia;o__Brevinematales;f__Brevinemataceae
66960	7.0	sk__Bacteria;k__;p__Spirochaetes;c__Spirochaetia;o__Brevinematales;f__Brevinemataceae;g__Brevinema
173322	42.0	sk__Bacteria;k__;p__Spirochaetes;c__Spirochaetia;o__Spirochaetales
127496	47.0	sk__Bacteria;k__;p__Spirochaetes;c__Spirochaetia;o__Spirochaetales;f__;g__Exilispira
34140	1833.0	sk__Bacteria;k__;p__Spirochaetes;c__Spirochaetia;o__Spirochaetales;f__Spirochaetaceae
4778	32.0	sk__Bacteria;k__;p__Spirochaetes;c__Spirochaetia;o__Spirochaetales;f__Spirochaetaceae;g__Sediminispirochaeta
158173	5.0	sk__Bacteria;k__;p__Spirochaetes;c__Spirochaetia;o__Spirochaetales;f__Spirochaetaceae;g__Treponema
193538	1.0	sk__Bacteria;k__;p__Synergistetes
193862	2.0	sk__Bacteria;k__;p__Synergistetes;c__Synergistia
47385	1.0	sk__Bacteria;k__;p__Synergistetes;c__Synergistia;o__Synergistales
218286	150.0	sk__Bacteria;k__;p__Synergistetes;c__Synergistia;o__Synergistales;f__Synergistaceae
80669	1.0	sk__Bacteria;k__;p__Synergistetes;c__Synergistia;o__Synergistales;f__Synergistaceae;g__Aminivibrio
264655	2.0	sk__Bacteria;k__;p__Synergistetes;c__Synergistia;o__Synergistales;f__Synergistaceae;g__Aminivibrio;s__Aminivibrio_pyruvatiphilus
251801	9.0	sk__Bacteria;k__;p__Synergistetes;c__Synergistia;o__Synergistales;f__Synergistaceae;g__Lactivibrio
8406	6.0	sk__Bacteria;k__;p__Tenericutes;c__Mollicutes
24280	123.0	sk__Bacteria;k__;p__Thermotogae;c__Thermotogae;o__Thermotogales;f__Fervidobacteriaceae;g__Fervidobacterium
101210	7.0	sk__Bacteria;k__;p__Verrucomicrobia
187113	5.0	sk__Bacteria;k__;p__Verrucomicrobia;c__;o__;f__;g__;s__Verrucomicrobia_bacterium_ADurb.Bin118
67790	10.0	sk__Bacteria;k__;p__Verrucomicrobia;c__;o__;f__;g__;s__Verrucomicrobia_bacterium_ADurb.Bin474
67411	1.0	sk__Bacteria;k__;p__Verrucomicrobia;c__;o__;f__;g__;s__Verrucomicrobia_bacterium_RIFCSPLOWO2_12_FULL_64_8
130341	1.0	sk__Bacteria;k__;p__Verrucomicrobia;c__Methylacidiphilae;o__Methylacidiphilales
4347	10.0	sk__Bacteria;k__;p__Verrucomicrobia;c__Methylacidiphilae;o__Methylacidiphilales;f__Methylacidiphilaceae
255472	14.0	sk__Bacteria;k__;p__Verrucomicrobia;c__Opitutae;o__Opitutales;f__Opitutaceae
142036	6.0	sk__Bacteria;k__;p__Verrucomicrobia;c__Opitutae;o__Opitutales;f__Opitutaceae;g__Cephaloticoccus
41556	9.0	sk__Bacteria;k__;p__Verrucomicrobia;c__Opitutae;o__Opitutales;f__Opitutaceae;g__Lacunisphaera
127055	1.0	sk__Bacteria;k__;p__Verrucomicrobia;c__Opitutae;o__Opitutales;f__Opitutaceae;g__Opitutus
66248	8.0	sk__Bacteria;k__;p__Verrucomicrobia;c__Spartobacteria;o__;f__;g__Terrimicrobium
140506	2.0	sk__Bacteria;k__;p__Verrucomicrobia;c__Spartobacteria;o__Chthoniobacterales
6864	48.0	sk__Bacteria;k__;p__Verrucomicrobia;c__Spartobacteria;o__Chthoniobacterales;f__Chthoniobacteraceae
195040	1.0	sk__Bacteria;k__;p__Verrucomicrobia;c__Spartobacteria;o__Chthoniobacterales;f__Chthoniobacteraceae;g__Candidatus_Udaeobacter
221734	651.0	sk__Bacteria;k__;p__Verrucomicrobia;c__Verrucomicrobiae
179894	5.0	sk__Bacteria;k__;p__Verrucomicrobia;c__Verrucomicrobiae;o__Verrucomicrobiales
228855	1.0	sk__Bacteria;k__;p__Verrucomicrobia;c__Verrucomicrobiae;o__Verrucomicrobiales;f__Verrucomicrobia_subdivision_3
243705	2.0	sk__Bacteria;k__;p__Verrucomicrobia;c__Verrucomicrobiae;o__Verrucomicrobiales;f__Verrucomicrobia_subdivision_3;g__Pedosphaera
163479	7.0	sk__Bacteria;k__;p__Verrucomicrobia;c__Verrucomicrobiae;o__Verrucomicrobiales;f__Verrucomicrobiaceae
241510	19.0	sk__Bacteria;k__;p__Verrucomicrobia;c__Verrucomicrobiae;o__Verrucomicrobiales;f__Verrucomicrobiaceae;g__Luteolibacter
65905	1.0	sk__Bacteria;k__;p__candidate_division_CPR3
103393	1.0	sk__Bacteria;k__;p__candidate_division_NC10;c__;o__;f__;g__Candidatus_Methylomirabilis
6794	218.0	sk__Chloroplast
217269	4.0	sk__Chloroplast;k__;p__;c__;o__;f__;g__;s__Dicloster_acuatus
197775	6.0	sk__Chloroplast;k__;p__;c__;o__;f__;g__;s__Tetradesmus_obliquus
222308	3.0	sk__Chloroplast;k__;p__;c__;o__;f__;g__;s__metagenome
164928	7.0	sk__Chloroplast;k__;p__;c__;o__;f__;g__;s__uncultured_bacterium
192431	3.0	sk__Eukaryota
186672	1.0	sk__Eukaryota;k__;p__;c__;o__Bicosoecida
181514	2.0	sk__Eukaryota;k__Fungi
159080	1.0	sk__Eukaryota;k__Fungi;p__Microsporidia
3554	1.0	sk__Eukaryota;k__Viridiplantae;p__Chlorophyta
233398	38.0	sk__Mitochondria
175669	34.0	sk__Mitochondria;k__;p__;c__;o__;f__;g__;s__Acanthamoeba_sp.
94516	1.0	sk__Mitochondria;k__;p__;c__;o__;f__;g__;s__Auxenochlorella_pyrenoidosa
187350	1.0	sk__Mitochondria;k__;p__;c__;o__;f__;g__;s__uncultured_Rickettsia_sp.
88503	9.0	sk__Mitochondria;k__;p__;c__;o__;f__;g__;s__uncultured_bacterium
